Abscissa	Profile 1
x	y
[]	[]
0	10.299783
0.99841482	10.309803
1.9968296	10.302729
2.9952444	10.327359
3.9936593	10.345217
4.9920741	10.425261
5.9904889	10.269138
6.9889037	10.078206
7.9873185	9.7911076
8.9857333	9.1666471
9.9841482	8.9336139
10.982563	9.0001214
11.980978	9.0292435
12.979393	9.0953878
13.977807	8.8668423
14.976222	8.2500257
15.974637	7.9229763
16.973052	8.0040297
17.971467	8.0031345
18.969881	7.974199
19.968296	7.9745875
20.966711	7.9129161
21.965126	8.5434202
22.963541	8.6515562
23.961956	8.0610301
24.96037	8.1129144
25.958785	7.9700291
26.9572	8.5385776
27.955615	9.0819398
28.95403	8.9977875
29.952444	8.9460369
30.950859	9.3473189
31.949274	10.437761
32.947689	10.989224
33.946104	11.369579
34.944519	12.434053
35.942933	13.384306
36.941348	14.887301
37.939763	16.552133
38.938178	17.502953
39.936593	18.504371
40.935007	19.502305
41.933422	21.070706
42.931837	23.213304
43.930252	24.77914
44.928667	25.401446
45.927082	25.595524
46.925496	25.740448
47.923911	25.79983
48.922326	25.799361
49.920741	25.242757
50.919156	24.169199
51.91757	23.220163
52.915985	21.834834
53.9144	19.716269
54.912815	17.81557
55.91123	16.389805
56.909644	14.706822
57.908059	13.085124
58.906474	11.695375
59.904889	10.195334
60.903304	9.6211939
61.901719	8.7012133
62.900133	8.282954
63.898548	8.5611982
64.896963	9.1377522
65.895378	9.8418494
66.893793	11.274835
67.892207	12.391222
68.890622	14.026781
69.889037	16.649922
70.887452	18.967791
71.885867	21.588454
72.884282	23.474349
73.882696	25.34615
74.881111	27.500277
75.879526	29.110241
76.877941	29.96432
77.876356	31.109296
78.87477	31.833213
79.873185	31.829218
80.8716	31.486706
81.870015	30.517416
82.86843	29.587713
83.866844	28.709533
84.865259	27.423402
85.863674	25.45178
86.862089	23.09065
87.860504	20.860811
88.858919	19.65365
89.857333	17.515756
90.855748	16.286879
91.854163	15.662362
92.852578	13.865445
93.850993	12.918795
94.849407	12.228434
95.847822	11.847351
96.846237	11.181969
97.844652	11.041812
98.843067	11.094758
99.841482	10.815505
100.8399	10.554413
101.83831	11.073402
102.83673	11.013335
103.83514	11.032545
104.83356	11.209321
105.83197	11.74943
106.83039	12.246206
107.8288	12.501579
108.82721	12.919856
109.82563	14.451056
110.82404	15.341611
111.82246	16.442975
112.82087	18.203213
113.81929	19.992411
114.8177	21.770485
115.81612	24.798105
116.81453	27.634798
117.81295	31.05602
118.81136	34.18654
119.80978	36.711638
120.80819	39.897588
121.80661	41.773516
122.80502	44.117709
123.80344	46.604064
124.80185	47.015095
125.80027	46.708454
126.79868	45.825762
127.7971	44.291809
128.79551	41.147548
129.79393	38.22945
130.79234	34.68109
131.79076	30.16841
132.78917	26.718958
133.78759	22.039782
134.786	19.28503
135.78441	17.403496
136.78283	16.617346
137.78124	18.094952
138.77966	22.24096
139.77807	28.742792
140.77649	39.236114
141.7749	52.39044
142.77332	68.082435
143.77173	85.732758
144.77015	110.28041
145.76856	136.04015
146.76698	167.34682
147.76539	196.18461
148.76381	228.62608
149.76222	262.67312
150.76064	297.49216
151.75905	327.33851
152.75747	352.84639
153.75588	383.88843
154.7543	411.13087
155.75271	424.21238
156.75113	434.85321
157.74954	438.65993
158.74796	442.48609
159.74637	430.95705
160.74479	416.0663
161.7432	395.73505
162.74161	367.05001
163.74003	340.8353
164.73844	304.7394
165.73686	269.44887
166.73527	233.99049
167.73369	190.22656
168.7321	147.24411
169.73052	110.87085
170.72893	79.592715
171.72735	53.069322
172.72576	30.686723
173.72418	18.045864
174.72259	13.044978
175.72101	16.402498
176.71942	30.17409
177.71784	51.721621
178.71625	82.46941
179.71467	123.76379
180.71308	171.82258
181.7115	224.81197
182.70991	285.95159
183.70833	347.04896
184.70674	412.3946
185.70516	473.46145
186.70357	536.9224
187.70199	588.69306
188.7004	644.08072
189.69881	686.32549
190.69723	722.25898
191.69564	754.34845
192.69406	770.56821
193.69247	772.41371
194.69089	769.75265
195.6893	749.10848
196.68772	726.80168
197.68613	683.41586
198.68455	635.2905
199.68296	584.43923
200.68138	526.30193
201.67979	462.90327
202.67821	398.15728
203.67662	338.72676
204.67504	278.19854
205.67345	218.32417
206.67187	165.10633
207.67028	118.85444
208.6687	79.915404
209.66711	50.731963
210.66553	28.873481
211.66394	16.534805
212.66236	14.080568
213.66077	20.054888
214.65919	35.234015
215.6576	55.256855
216.65601	82.061366
217.65443	115.18502
218.65284	152.57511
219.65126	189.06913
220.64967	229.80089
221.64809	268.58144
222.6465	303.58135
223.64492	336.03879
224.64333	363.62011
225.64175	389.1666
226.64016	406.00863
227.63858	418.41088
228.63699	421.38413
229.63541	419.83329
230.63382	413.56579
231.63224	397.51276
232.63065	382.58971
233.62907	357.60443
234.62748	330.63431
235.6259	301.68787
236.62431	268.68939
237.62273	239.32359
238.62114	206.34452
239.61956	178.48085
240.61797	149.25255
241.61639	123.34267
242.6148	102.28933
243.61321	82.145456
244.61163	65.251264
245.61004	51.133641
246.60846	41.704495
247.60687	34.537875
248.60529	29.71805
249.6037	27.523998
250.60212	27.301386
251.60053	28.428281
252.59895	31.164576
253.59736	34.244618
254.59578	37.248958
255.59419	40.698585
256.59261	44.38298
257.59102	47.345651
258.58944	48.861472
259.58785	50.873993
260.58627	51.435025
261.58468	50.265889
262.5831	49.602068
263.58151	47.563866
264.57993	45.155039
265.57834	42.057657
266.57676	39.064506
267.57517	36.007277
268.57359	32.593558
269.572	29.994723
270.57041	26.789854
271.56883	23.954223
272.56724	21.946808
273.56566	20.066093
274.56407	19.054442
275.56249	17.98262
276.5609	17.022427
277.55932	17.01017
278.55773	16.993346
279.55615	15.97996
280.55456	16.933024
281.55298	15.950562
282.55139	15.925757
283.54981	15.910146
284.54822	15.79652
285.54664	14.86163
286.54505	14.718624
287.54347	14.691741
288.54188	12.96284
289.5403	12.765963
290.53871	12.749437
291.53713	12.476106
292.53554	12.428262
293.53396	12.318041
294.53237	13.359375
295.53079	13.985288
296.5292	15.325288
297.52761	15.792467
298.52603	17.791997
299.52444	19.861993
300.52286	21.300373
301.52127	23.25173
302.51969	25.229669
303.5181	27.218633
304.51652	28.102916
305.51493	29.679571
306.51335	30.078045
307.51176	30.516205
308.51018	31.211058
309.50859	30.456541
310.50701	29.681266
311.50542	27.99311
312.50384	26.584321
313.50225	24.548157
314.50067	22.227077
315.49908	20.974221
316.4975	18.232682
317.49591	16.194167
318.49433	14.135286
319.49274	12.11522
320.49116	10.915014
321.48957	10.086292
322.48799	9.0336914
323.4864	8.9956725
324.48481	8.9996792
325.48323	9.0027836
326.48164	9.8853045
327.48006	11.816169
328.47847	12.840364
329.47689	14.693955
330.4753	15.776779
331.47372	17.573347
332.47213	19.570635
333.47055	20.524406
334.46896	22.440407
335.46738	24.33789
336.46579	24.510867
337.46421	25.470408
338.46262	25.493223
339.46104	25.492976
340.45945	24.717823
341.45787	24.361499
342.45628	23.733755
343.4547	22.700567
344.45311	21.002251
345.45153	19.851256
346.44994	18.833768
347.44836	17.824459
348.44677	16.807897
349.44519	15.795162
350.4436	14.698454
351.44201	14.173761
352.44043	13.61578
353.43884	13.125149
354.43726	12.569866
355.43567	12.101518
356.43409	12.055016
357.4325	12.063417
358.43092	12.105341
359.42933	11.054369
360.42775	11.915338
361.42616	11.420255
362.42458	11.015146
363.42299	11.024811
364.42141	10.323897
365.41982	10.179908
366.41824	10.02482
367.41665	10.037426
368.41507	9.1474973
369.41348	8.9733078
370.4119	9
371.41031	9
372.40873	9
373.40714	8.9993989
374.40556	9.0064937
375.40397	9.0012318
376.40239	8.9970951
377.4008	9.0063403
378.39921	9.0111647
379.39763	8.9828381
380.39604	8.9275465
381.39446	9.7300484
382.39287	9.9845755
383.39129	10.738473
384.3897	10.865271
385.38812	10.813188
386.38653	10.793652
387.38495	10.772881
388.38336	10.787839
389.38178	10.134841
390.38019	10.009133
391.37861	9.4984469
392.37702	9.0528071
393.37544	8.9864669
394.37385	9
395.37227	9
396.37068	9.0210623
397.3691	8.644387
398.36751	8.4912711
399.36593	8.9569233
400.36434	8.9553899
401.36276	9.3570866
402.36117	9.3608302
403.35959	10.203423
404.358	10.394475
405.35642	11.118796
406.35483	12.219861
407.35324	12.645274
408.35166	13.494352
409.35007	14.240854
410.34849	14.571068
411.3469	15.237578
412.34532	15.556237
413.34373	15.525365
414.34215	15.443805
415.34056	15.415454
416.33898	15.385119
417.33739	15.28163
418.33581	14.470141
419.33422	14.087017
420.33264	14.141786
421.33105	13.314776
422.32947	13.03406
423.32788	12.261538
424.3263	11.957871
425.32471	12.039185
426.32313	11.25142
427.32154	10.991248
428.31996	10.240311
429.31837	9.9596298
430.31679	10.022849
431.3152	9.9510796
432.31362	9.3083062
