Abscissa	Profile 1
x	y
[]	[]
0	8.9852844
0.99980473	8.9802122
1.9996095	9.3954449
2.9994142	10.093709
3.9992189	10.037801
4.9990236	10.032969
5.9988284	10.391871
6.9986331	11.078996
7.9984378	11.06226
8.9982425	11.154952
9.9980473	11.374889
10.997852	12.133003
11.997657	12.16454
12.997461	12.418091
13.997266	13.183468
14.997071	13.266966
15.996876	13.231699
16.99668	13.212787
17.996485	13.193268
18.99629	13.140354
19.996095	13.453046
20.995899	14.299737
21.995704	14.160616
22.995509	14.20483
23.995313	14.605126
24.995118	15.285471
25.994923	15.236111
26.994728	15.236111
27.994532	15.236111
28.994337	15.236111
29.994142	15.228631
30.993946	15.289336
31.993751	15.371324
32.993556	15.271635
33.993361	15.431964
34.993165	15.368747
35.99297	15.225968
36.992775	15.236111
37.99258	15.272205
38.992384	15.013921
39.992189	14.342825
40.991994	14.357671
41.991798	14.198811
42.991603	14.274481
43.991408	14.253797
44.991213	13.861037
45.991017	13.174265
46.990822	12.850183
47.990627	12.157406
48.990432	12.214078
49.990236	11.80589
50.990041	11.113232
51.989846	11.182391
52.98965	10.809958
53.989455	10.10709
54.98926	10.113148
55.989065	10.025398
56.988869	9.8007376
57.988674	9.087054
58.988479	8.989938
59.988284	9
60.988088	9
61.987893	8.9982535
62.987698	9.0123648
63.987502	9.0342189
64.987307	8.9958662
65.987112	9.0123359
66.986917	9.0325008
67.986721	9.0099287
68.986526	9.0342572
69.986331	8.9987195
70.986136	8.9848865
71.98594	8.9871224
72.985745	9.4060186
73.98555	10.073156
74.985354	10.042893
75.985159	10.137928
76.984964	10.415425
77.984769	11.232121
78.984573	11.439694
79.984378	12.317272
80.984183	12.291288
81.983988	12.806409
82.983792	14.309076
83.983597	14.465054
84.983402	15.31502
85.983206	15.483477
86.983011	16.559355
87.982816	17.16982
88.982621	17.568066
89.982425	18.038631
90.98223	17.800734
91.982035	19.44951
92.981839	19.424869
93.981644	19.700805
94.981449	20.513591
95.981254	20.407139
96.981058	20.690307
97.980863	21.548421
98.980668	21.419691
99.980473	21.659469
100.98028	22.412269
101.98008	22.473378
102.97989	22.752523
103.97969	23.212259
104.9795	22.415234
105.9793	22.501583
106.97911	22.506356
107.97891	22.489074
108.97872	22.11475
109.97852	21.443488
110.97832	21.45167
111.97813	21.516111
112.97793	21.280281
113.97774	20.387571
114.97754	20.078716
115.97735	19.367593
116.97715	19.315968
117.97696	19.102758
118.97676	17.9727
119.97657	17.21824
120.97637	17.0388
121.97618	15.929693
122.97598	15.195081
123.97579	15.051941
124.97559	13.904006
125.9754	13.095206
126.9752	13.052566
127.975	12.834382
128.97481	11.758423
129.97461	11.113074
130.97442	10.832601
131.97422	10.057423
132.97403	9.9866198
133.97383	10.031125
134.97364	9.699655
135.97344	9.0969699
136.97325	9.0018861
137.97305	9.0347807
138.97286	8.9960147
139.97266	9.0116258
140.97247	9.0348033
141.97227	8.9976789
142.97208	8.9593004
143.97188	9.203888
144.97169	10.340577
145.97149	11.08025
146.97129	11.234404
147.9711	12.297014
148.9709	13.356799
149.97071	14.091437
150.97051	14.670666
151.97032	16.594823
152.97012	17.550573
153.96993	18.523377
154.96973	19.764623
155.96954	21.642436
156.96934	22.858127
157.96915	24.719006
158.96895	26.001168
159.96876	27.713042
160.96856	28.977735
161.96837	30.949194
162.96817	32.791705
163.96798	34.160342
164.96778	36.01226
165.96758	36.935345
166.96739	37.882418
167.96719	38.937147
168.967	40.299808
169.9668	41.938283
170.96661	43.253536
171.96641	44.853535
172.96622	44.997372
173.96602	46.176725
174.96583	46.801721
175.96563	47.145876
176.96544	47.999853
177.96524	47.93688
178.96505	47.95182
179.96485	48.329229
180.96466	49.019453
181.96446	48.585103
182.96426	48.21473
183.96407	48.654529
184.96387	46.656688
185.96368	45.677812
186.96348	44.793364
187.96329	43.628498
188.96309	42.634625
189.9629	41.26939
190.9627	39.468351
191.96251	38.469614
192.96231	37.082376
193.96212	34.356909
194.96192	32.457199
195.96173	31.332112
196.96153	29.181027
197.96134	27.197299
198.96114	25.917051
199.96095	23.862102
200.96075	21.781718
201.96055	20.038233
202.96036	18.790485
203.96016	16.792828
204.95997	15.657469
205.95977	13.86919
206.95958	12.770182
207.95938	11.735634
208.95919	10.892546
209.95899	10.892524
210.9588	10.692735
211.9586	10.255054
212.95841	11.256417
213.95821	12.23584
214.95802	13.45012
215.95782	15.404041
216.95763	17.417091
217.95743	19.75695
218.95723	23.030112
219.95704	26.973574
220.95684	30.875482
221.95665	35.595354
222.95645	41.257284
223.95626	46.522809
224.95606	52.975038
225.95587	60.260141
226.95567	68.234986
227.95548	76.793899
228.95528	85.840574
229.95509	95.424494
230.95489	106.41531
231.9547	117.14417
232.9545	129.69798
233.95431	140.22719
234.95411	153.55188
235.95392	168.98717
236.95372	182.70771
237.95352	198.18128
238.95333	214.35454
239.95313	230.22016
240.95294	245.9992
241.95274	263.03233
242.95255	282.43869
243.95235	301.13616
244.95216	320.11364
245.95196	338.61632
246.95177	354.99948
247.95157	375.78719
248.95138	396.46603
249.95118	416.93348
250.95099	439.02304
251.95079	456.42683
252.9506	475.62502
253.9504	497.33801
254.95021	523.90269
255.95001	541.80181
256.94981	562.9074
257.94962	577.50758
258.94942	604.37108
259.94923	628.0384
260.94903	640.92904
261.94884	659.65182
262.94864	682.55838
263.94845	706.03954
264.94825	728.94666
265.94806	737.13765
266.94786	755.14437
267.94767	765.60777
268.94747	781.93986
269.94728	802.34191
270.94708	811.26116
271.94689	823.57828
272.94669	836.93548
273.94649	853.03597
274.9463	855.53255
275.9461	883.29143
276.94591	889.31002
277.94571	886.97062
278.94552	899.89341
279.94532	916.36986
280.94513	920.50286
281.94493	921.66349
282.94474	918.34301
283.94454	919.44777
284.94435	937.64341
285.94415	934.60593
286.94396	917.4736
287.94376	922.81214
288.94357	912.82352
289.94337	911.15004
290.94318	904.30415
291.94298	893.24987
292.94278	888.10051
293.94259	876.35445
294.94239	869.25512
295.9422	862.13581
296.942	852.93323
297.94181	842.9554
298.94161	816.62548
299.94142	804.61951
300.94122	796.0058
301.94103	786.34301
302.94083	768.43279
303.94064	744.37905
304.94044	734.88221
305.94025	709.07236
306.94005	692.90597
307.93986	672.34258
308.93966	655.07071
309.93946	634.00229
310.93927	607.44576
311.93907	584.80298
312.93888	565.48512
313.93868	544.8267
314.93849	523.62851
315.93829	507.1384
316.9381	480.71976
317.9379	458.63158
318.93771	443.44026
319.93751	424.08293
320.93732	399.80287
321.93712	377.36617
322.93693	357.15432
323.93673	340.16034
324.93654	321.79446
325.93634	306.79158
326.93615	285.23506
327.93595	266.87938
328.93575	252.28823
329.93556	233.01826
330.93536	217.28386
331.93517	204.77236
332.93497	186.61285
333.93478	171.25193
334.93458	159.14408
335.93439	145.42594
336.93419	132.17404
337.934	120.85471
338.9338	109.7355
339.93361	98.755356
340.93341	88.515353
341.93322	79.935651
342.93302	72.34042
343.93283	63.444415
344.93263	55.85163
345.93244	49.918111
346.93224	44.54556
347.93204	38.520479
348.93185	33.949345
349.93165	29.653139
350.93146	24.841978
351.93126	21.80669
352.93107	18.921198
353.93087	16.202781
354.93068	14.860414
355.93048	13.052721
356.93029	11.950713
357.93009	11.244843
358.9299	11.173947
359.9297	11.226393
360.92951	11.191047
361.92931	11.489563
362.92912	12.437669
363.92892	13.441918
364.92872	14.414808
365.92853	15.661024
366.92833	17.482975
367.92814	18.673503
368.92794	20.518998
369.92775	21.855544
370.92755	24.52085
371.92736	25.702005
372.92716	27.648084
373.92697	29.516755
374.92677	30.894569
375.92658	33.068841
376.92638	35.772774
377.92619	36.560789
378.92599	37.878555
379.9258	39.641737
380.9256	40.745604
381.92541	41.734547
382.92521	42.776358
383.92501	43.456096
384.92482	44.156339
385.92462	45.7057
386.92443	45.779841
387.92423	46.543614
388.92404	46.430135
389.92384	46.551258
390.92365	46.415054
391.92345	45.375776
392.92326	45.38812
393.92306	44.512561
394.92287	44.810472
395.92267	44.302599
396.92248	42.364901
397.92228	41.445698
398.92209	41.409621
399.92189	40.318468
400.92169	39.527151
401.9215	38.142146
402.9213	36.063637
403.92111	34.286384
404.92091	33.458656
405.92072	32.770202
406.92052	30.274307
407.92033	29.981499
408.92013	28.006409
409.91994	26.237376
410.91974	25.164801
411.91955	23.978022
412.91935	22.054155
413.91916	20.761978
414.91896	18.961281
415.91877	18.182769
416.91857	17.777705
417.91838	16.001057
418.91818	15.032515
419.91798	13.962345
420.91779	13.197945
421.91759	13.068291
422.9174	11.814782
423.9172	11.148649
424.91701	10.865633
425.91681	10.150046
426.91662	9.8528224
427.91642	9.1160848
428.91623	9.1139514
429.91603	9.0018538
430.91584	9.1279448
431.91564	8.9590903
432.91545	9.0045929
433.91525	9.1319931
434.91506	9.3097213
435.91486	10.07522
436.91467	10.010613
437.91447	10.310057
438.91427	11.084578
439.91408	11.344574
440.91388	12.088108
441.91369	12.341681
442.91349	13.256201
443.9133	14.116448
444.9131	14.380791
445.91291	15.143208
446.91271	15.328567
447.91252	16.287245
448.91232	17.156737
449.91213	17.37855
450.91193	18.354032
451.91174	19.154786
452.91154	19.312313
453.91135	20.15478
454.91115	20.311928
455.91095	21.180991
456.91076	21.109137
457.91056	21.583698
458.91037	23.139303
459.91017	22.837118
460.90998	22.26417
461.90978	23.036046
462.90959	22.355053
463.90939	23.358109
464.9092	23.918533
465.909	23.06993
466.90881	23.325501
467.90861	23.965595
468.90842	23.12252
469.90822	22.848589
470.90803	22.099359
471.90783	22.136815
472.90764	22.177258
473.90744	22.065862
474.90724	21.278172
475.90705	20.947964
476.90685	20.036492
477.90666	20.145615
478.90646	19.872447
479.90627	18.956428
480.90607	18.039079
481.90588	17.182165
482.90568	16.960749
483.90549	16.193638
484.90529	15.953554
485.9051	14.853652
486.9049	14.145926
487.90471	13.869607
488.90451	13.022664
489.90432	12.902698
490.90412	12.142837
491.90393	11.88641
492.90373	11.12783
493.90353	11.220343
494.90334	10.885035
495.90314	10.153856
496.90295	10.021405
497.90275	9.2760483
498.90256	9.9357107
499.90236	9.1113124
500.90217	9.1512346
501.90197	9.1564018
502.90178	9.1168733
503.90158	8.9934168
504.90139	9.1643838
505.90119	9.149305
506.901	9.295345
507.9008	10.083347
508.90061	10.035535
509.90041	9.9988896
510.90021	9.964121
511.90002	10.145186
512.89982	11.143789
513.89963	11.200103
514.89943	11.286422
515.89924	11.952289
516.89904	12.069099
517.89885	12.037686
518.89865	12.327507
519.89846	13.084176
520.89826	13.20418
521.89807	13.993472
522.89787	14.075423
523.89768	14.045389
524.89748	14.200636
525.89729	14.979602
526.89709	15.076082
527.8969	15.045489
528.8967	15.203073
529.8965	15.958285
530.89631	15.984785
531.89611	16.098114
532.89592	16.043243
533.89572	16.230157
534.89553	16.892078
535.89533	16.163593
536.89514	16.201889
537.89494	17.024319
538.89475	16.820781
539.89455	16.030724
540.89436	16.069444
541.89416	16.094228
542.89397	15.904749
543.89377	15.307176
544.89358	16.003935
545.89338	15.159277
546.89318	15.06291
547.89299	15.092151
548.89279	14.947707
549.8926	14.204311
550.8924	13.904855
551.89221	13.112352
552.89201	12.998141
553.89182	13.072889
554.89162	12.937176
555.89143	12.11914
556.89123	12.061005
557.89104	11.905057
558.89084	11.120944
559.89065	11.158625
560.89045	11.060182
561.89026	10.915444
562.89006	10.11307
563.88987	9.9988629
564.88967	10.06842
565.88947	9.9071498
566.88928	9.1174439
567.88908	9.128334
568.88889	8.9943112
