
TIME STEP:
125 = 2ms

VOLTAGE STEP:
CH1:  32 = 0.3V
CH2:  32 = 0.3V
GND	138	132
N	CH1	CH2

0	191	190
1	190	190
2	190	190
3	191	191
4	191	190
5	191	190
6	191	190
7	189	89
8	185	89
9	182	89
10	179	89
11	176	89
12	172	89
13	170	89
14	167	89
15	164	89
16	162	89
17	159	89
18	156	89
19	155	89
20	153	89
21	150	89
22	148	88
23	146	89
24	144	88
25	142	88
26	140	89
27	138	88
28	137	88
29	135	88
30	133	88
31	132	88
32	131	88
33	129	88
34	128	87
35	127	88
36	125	88
37	124	87
38	122	87
39	121	87
40	120	87
41	119	87
42	118	87
43	117	87
44	116	87
45	115	87
46	113	87
47	113	87
48	112	87
49	111	87
50	110	87
51	110	87
52	108	87
53	108	87
54	107	87
55	107	87
56	106	87
57	105	87
58	105	87
59	104	87
60	104	87
61	102	87
62	103	87
63	102	87
64	100	86
65	101	87
66	100	87
67	100	87
68	99	87
69	99	87
70	98	86
71	98	87
72	97	86
73	97	86
74	97	86
75	97	87
76	97	86
77	96	86
78	96	87
79	96	87
80	95	86
81	95	86
82	94	86
83	95	86
84	94	86
85	94	87
86	93	86
87	93	86
88	93	86
89	92	86
90	92	86
91	93	87
92	92	86
93	91	86
94	92	86
95	92	86
96	92	86
97	91	86
98	91	86
99	91	86
100	91	86
101	90	86
102	90	86
103	91	86
104	90	86
105	90	86
106	90	86
107	90	86
108	89	86
109	89	86
110	89	86
111	89	86
112	89	86
113	89	86
114	89	86
115	89	86
116	89	86
117	89	86
118	89	86
119	89	86
120	88	86
121	89	86
122	89	86
123	88	86
124	89	86
125	88	86
126	88	86
127	88	86
128	87	86
129	88	86
130	88	86
131	88	86
132	87	86
133	88	86
134	88	86
135	88	86
136	87	86
137	87	86
138	87	86
139	88	86
140	87	86
141	87	86
142	87	86
143	87	86
144	87	86
145	87	85
146	87	86
147	87	86
148	87	87
149	87	86
150	87	86
151	87	85
152	87	86
153	87	86
154	86	86
155	87	86
156	86	86
157	86	86
158	87	86
159	87	86
160	87	86
161	86	86
162	87	86
163	87	86
164	86	86
165	86	86
166	86	86
167	87	86
168	86	86
169	86	86
170	86	86
171	87	86
172	86	86
173	86	86
174	86	86
175	87	86
176	86	86
177	86	86
178	86	86
179	86	86
180	86	86
181	86	86
182	86	86
183	86	86
184	86	86
185	86	86
186	86	86
187	87	86
188	86	86
189	86	86
190	86	86
191	87	86
192	86	86
193	86	86
194	86	86
195	87	86
196	86	86
197	86	86
198	86	86
199	86	87
200	86	86
201	86	86
202	86	86
203	86	86
204	86	86
205	86	86
206	86	86
207	86	86
208	86	86
209	86	86
210	86	86
211	86	86
212	86	86
213	86	86
214	86	86
215	87	86
216	86	86
217	86	86
218	86	86
219	87	86
220	86	86
221	86	86
222	86	86
223	86	86
224	86	86
225	86	86
226	86	85
227	86	86
228	86	86
229	86	86
230	86	86
231	86	86
232	86	86
233	86	86
234	86	86
235	86	86
236	86	86
237	86	86
238	85	86
239	86	86
240	86	86
241	85	86
242	86	86
243	87	86
244	86	86
245	86	86
246	86	86
247	86	86
248	86	86
249	86	86
250	86	86
251	86	86
252	86	86
253	86	86
254	86	86
255	87	86
256	86	86
257	86	86
258	86	86
259	86	86
260	86	86
261	86	86
262	86	86
263	86	86
264	86	86
265	86	86
266	86	86
267	86	86
268	86	86
269	86	86
270	85	86
271	86	86
272	86	86
273	86	86
274	86	86
275	86	86
276	86	86
277	86	86
278	86	86
279	86	86
280	86	86
281	86	86
282	85	86
283	86	86
284	86	86
285	86	86
286	86	86
287	86	86
288	86	86
289	86	86
290	86	86
291	86	86
292	86	86
293	85	86
294	86	86
295	86	86
296	86	86
297	86	86
298	86	86
299	86	86
300	86	86
301	86	86
302	86	86
303	86	86
304	86	86
305	86	86
306	86	86
307	86	86
308	86	86
309	86	86
310	86	86
311	86	86
312	86	86
313	85	86
314	86	86
315	86	87
316	86	86
317	86	86
318	86	86
319	86	120
320	89	187
321	92	187
322	96	187
323	99	188
324	102	187
325	105	187
326	108	187
327	111	187
328	113	187
329	116	187
330	118	187
331	121	187
332	123	187
333	125	187
334	127	187
335	129	188
336	131	187
337	133	188
338	135	187
339	137	188
340	139	188
341	140	188
342	142	189
343	145	189
344	145	188
345	147	189
346	148	188
347	150	189
348	151	189
349	152	189
350	154	189
351	155	189
352	156	189
353	156	189
354	158	189
355	160	189
356	160	189
357	161	189
358	162	189
359	163	189
360	164	189
361	164	189
362	166	189
363	167	189
364	167	189
365	169	189
366	169	189
367	170	189
368	170	189
369	170	189
370	172	190
371	172	190
372	172	190
373	173	189
374	174	190
375	175	190
376	175	190
377	175	189
378	176	189
379	177	190
380	177	190
381	177	190
382	177	190
383	178	190
384	179	190
385	179	190
386	179	190
387	180	190
388	180	190
389	180	190
390	181	190
391	181	190
392	181	190
393	182	190
394	182	189
395	182	190
396	182	190
397	183	190
398	183	190
399	184	190
400	183	190
401	184	190
402	184	190
403	185	190
404	185	190
405	185	190
406	185	190
407	185	190
408	185	190
409	185	190
410	185	190
411	186	190
412	186	190
413	186	190
414	186	190
415	187	191
416	187	190
417	186	190
418	187	190
419	187	190
420	187	190
421	187	190
422	187	191
423	188	190
424	188	190
425	187	190
426	188	190
427	188	191
428	188	191
429	188	190
430	188	190
431	188	190
432	188	190
433	188	190
434	188	190
435	189	190
436	188	190
437	188	190
438	188	190
439	189	190
440	189	190
441	189	190
442	189	190
443	189	191
444	189	191
445	189	191
446	189	191
447	189	191
448	189	191
449	189	190
450	189	190
451	189	191
452	189	190
453	189	190
454	189	190
455	190	190
456	189	190
457	190	190
458	189	190
459	190	191
460	189	190
461	190	190
462	190	190
463	190	190
464	190	190
465	190	191
466	190	190
467	190	190
468	190	191
469	190	190
470	190	190
471	190	190
472	190	191
473	190	190
474	190	190
475	190	190
476	190	190
477	190	190
478	190	190
479	190	191
480	190	190
481	190	190
482	190	190
483	191	191
484	190	190
485	190	190
486	190	190
487	191	190
488	190	190
489	190	190
490	190	190
491	191	190
492	191	190
493	190	190
494	190	191
495	191	191
496	191	191
497	191	190
498	190	190
499	191	190
500	190	190
501	191	190
502	190	191
503	191	191
504	191	191
505	190	190
506	190	190
507	191	190
508	191	190
509	190	190
510	190	190
511	191	190
512	191	190
513	191	190
514	191	190
515	191	190
516	191	190
517	190	190
518	190	190
519	191	190
520	191	190
521	191	190
522	190	190
523	191	190
524	191	190
525	191	191
526	191	191
527	191	191
528	191	190
529	190	191
530	191	190
531	191	190
532	190	190
533	191	190
534	191	190
535	191	190
536	191	190
537	191	190
538	190	190
539	191	190
540	191	190
541	191	191
542	191	190
543	191	191
544	190	191
545	190	191
546	191	190
547	191	191
548	191	191
549	191	191
550	191	191
551	191	190
552	191	190
553	191	190
554	190	190
555	191	191
556	190	190
557	191	190
558	190	190
559	191	191
560	190	190
561	191	191
562	190	190
563	191	191
564	191	190
565	191	190
566	190	191
567	191	190
568	190	190
569	191	190
570	191	190
571	191	190
572	190	191
573	190	190
574	190	191
575	191	190
576	190	190
577	191	190
578	191	190
579	191	191
580	191	190
581	190	190
582	191	191
583	191	190
584	191	190
585	191	190
586	191	190
587	191	190
588	191	190
589	191	190
590	190	191
591	191	190
592	191	190
593	191	190
594	191	190
595	191	190
596	191	191
597	191	190
598	191	190
599	191	191
600	191	190
601	191	190
602	190	190
603	191	190
604	191	190
605	191	191
606	191	190
607	191	191
608	191	190
609	191	191
610	191	190
611	191	191
612	191	190
613	190	190
614	191	191
615	191	191
616	190	190
617	191	190
618	190	190
619	191	191
620	191	191
621	191	191
622	191	190
623	191	190
624	190	190
625	191	190
626	190	190
627	191	191
628	191	190
629	191	190
630	191	191
631	191	191
632	189	90
633	185	89
634	182	89
635	179	89
636	176	89
637	173	89
638	170	89
639	168	89
640	164	89
641	162	89
642	159	89
643	157	89
644	155	89
645	153	89
646	150	89
647	148	89
648	146	89
649	145	88
650	142	89
651	141	88
652	139	88
653	137	89
654	135	88
655	134	88
656	132	88
657	130	88
658	129	88
659	127	87
660	126	88
661	124	87
662	124	87
663	123	87
664	121	87
665	120	87
666	119	87
667	118	88
668	117	87
669	116	87
670	115	87
671	114	87
672	113	87
673	112	87
674	111	87
675	110	87
676	109	87
677	109	87
678	108	87
679	108	87
680	106	87
681	106	87
682	105	87
683	105	87
684	104	87
685	103	87
686	103	86
687	103	87
688	102	87
689	101	87
690	100	86
691	100	87
692	100	87
693	99	86
694	99	87
695	99	87
696	98	87
697	97	86
698	97	87
699	97	86
700	97	87
701	96	86
702	96	87
703	96	86
704	95	86
705	95	86
706	95	86
707	95	86
708	94	86
709	94	86
710	94	87
711	94	87
712	93	86
713	93	86
714	92	86
715	93	87
716	92	86
717	92	86
718	92	86
719	92	87
720	92	86
721	91	86
722	92	86
723	91	86
724	91	86
725	90	86
726	90	86
727	91	87
728	90	86
729	90	86
730	90	86
731	90	87
732	90	86
733	89	86
734	89	86
735	89	86
736	89	86
737	89	86
738	89	86
739	89	86
740	89	86
741	89	86
742	88	86
743	89	87
744	89	86
745	88	86
746	89	86
747	89	86
748	88	86
749	88	86
750	88	86
751	88	86
752	87	86
753	88	86
754	88	86
755	88	86
756	87	86
757	87	86
758	87	86
759	88	87
760	87	86
761	87	86
762	87	86
763	87	86
764	87	86
765	87	86
766	87	86
767	88	86
768	87	86
769	87	86
770	87	86
771	87	86
772	87	86
773	87	86
774	87	86
775	87	86
776	87	86
777	87	86
778	87	86
779	87	86
780	87	86
781	87	86
782	87	86
783	87	86
784	87	86
785	86	86
786	86	86
787	87	86
788	87	86
789	87	86
790	86	86
791	87	86
792	86	86
793	86	86
794	86	86
795	87	86
796	86	86
797	86	86
798	87	86
799	86	86
800	86	86
801	86	86
802	86	86
803	87	86
804	86	86
805	86	86
806	86	86
807	87	86
808	86	86
809	86	86
810	86	86
811	87	86
812	86	86
813	86	86
814	86	86
815	87	86
816	86	86
817	86	86
818	86	86
819	87	86
820	86	86
821	86	86
822	86	86
823	86	86
824	86	86
825	86	86
826	86	86
827	86	86
828	86	86
829	86	86
830	86	86
831	86	86
832	86	86
833	86	86
834	86	86
835	86	86
836	86	86
837	86	86
838	86	86
839	86	86
840	86	86
841	86	86
842	86	86
843	86	86
844	86	86
845	86	86
846	86	86
847	86	86
848	86	86
849	86	85
850	86	86
851	86	86
852	86	86
853	86	86
854	86	86
855	86	87
856	86	86
857	86	86
858	86	86
859	86	86
860	86	86
861	86	86
862	86	86
863	86	86
864	86	86
865	86	86
866	86	86
867	86	86
868	86	86
869	86	86
870	86	86
871	86	86
872	86	86
873	86	86
874	86	86
875	86	86
876	86	86
877	86	86
878	86	86
879	86	86
880	86	86
881	86	86
882	86	86
883	86	86
884	86	86
885	86	86
886	86	85
887	86	86
888	86	86
889	86	86
890	86	86
891	86	86
892	86	86
893	86	86
894	86	86
895	86	86
896	86	86
897	86	86
898	86	86
899	86	86
900	85	86
901	86	86
902	85	86
903	86	86
904	86	86
905	86	86
906	86	86
907	86	86
908	86	86
909	86	86
910	85	86
911	86	86
912	86	86
913	85	86
914	86	86
915	86	86
916	86	86
917	86	86
918	86	86
919	86	86
920	86	86
921	86	86
922	85	86
923	86	86
924	86	86
925	86	86
926	86	86
927	86	86
928	86	86
929	86	86
930	86	86
931	86	86
932	86	86
933	86	86
934	86	86
935	86	86
936	86	86
937	86	86
938	86	86
939	86	86
940	85	86
941	86	86
942	86	86
943	86	86
944	86	120
945	89	187
946	93	187
947	96	187
948	99	187
949	101	187
950	105	187
951	108	187
952	111	187
953	113	187
954	116	187
955	119	187
956	121	187
957	123	187
958	125	187
959	128	188
960	129	187
961	132	188
962	133	188
963	135	188
964	137	188
965	139	188
966	140	188
967	142	188
968	144	188
969	145	188
970	147	189
971	148	189
972	150	189
973	151	188
974	153	189
975	154	189
976	155	189
977	156	188
978	157	189
979	159	189
980	159	189
981	160	189
982	161	189
983	162	189
984	163	189
985	164	189
986	165	189
987	165	190
988	167	189
989	167	189
990	168	190
991	169	189
992	169	189
993	170	189
994	171	190
995	172	189
996	172	190
997	172	190
998	173	189
999	174	189
1000	174	189
1001	175	190
1002	175	189
1003	176	190
1004	176	190
1005	177	190
1006	177	189
1007	178	190
1008	178	190
1009	179	190
1010	179	190
1011	180	190
1012	180	190
1013	180	190
1014	180	190
1015	181	190
1016	181	190
1017	181	190
1018	182	190
1019	182	190
1020	182	190
1021	182	190
1022	183	190
1023	183	190
1024	183	190
1025	183	190
1026	184	190
1027	185	190
1028	184	190
1029	185	190
1030	185	190
1031	185	191
1032	185	190
1033	185	190
1034	185	190
1035	186	190
1036	185	190
1037	186	190
1038	186	190
1039	187	190
1040	187	190
1041	186	190
1042	187	190
1043	187	191
1044	187	190
1045	187	190
1046	187	190
1047	188	190
1048	187	190
1049	187	191
1050	187	190
1051	188	190
1052	188	190
1053	188	190
1054	188	190
1055	188	190
1056	188	190
1057	188	190
1058	188	190
1059	189	191
1060	188	191
1061	188	190
1062	188	190
1063	189	191
1064	189	191
1065	189	190
1066	189	191
1067	189	191
1068	189	190
1069	189	190
1070	189	190
1071	189	190
1072	189	190
1073	189	190
1074	189	190
1075	189	190
1076	189	190
1077	189	190
1078	189	191
1079	190	190
1080	189	190
1081	189	190
1082	190	190
1083	189	191
1084	189	190
1085	189	190
1086	189	190
1087	190	190
1088	190	190
1089	189	190
1090	190	190
1091	190	190
1092	190	190
1093	190	190
1094	190	190
1095	190	190
1096	190	190
1097	190	190
1098	190	191
1099	190	190
1100	190	190
1101	190	190
1102	190	190
1103	190	190
1104	190	190
1105	190	190
1106	190	190
1107	191	191
1108	190	191
1109	190	190
1110	190	190
1111	191	191
1112	190	190
1113	190	191
1114	190	190
1115	191	190
1116	191	191
1117	190	191
1118	190	190
1119	191	190
1120	190	190
1121	190	191
1122	191	190
1123	191	190
1124	190	191
1125	190	190
1126	190	191
1127	191	190
1128	191	191
1129	190	190
1130	190	190
1131	191	191
1132	191	190
1133	191	190
1134	191	190
1135	191	190
1136	191	190
1137	190	190
1138	190	190
1139	191	190
1140	191	190
1141	191	191
1142	191	190
1143	191	191
1144	191	191
1145	191	191
1146	191	190
1147	191	191
1148	191	190
1149	190	191
1150	190	190
1151	191	190
1152	190	190
1153	190	190
1154	191	190
1155	191	190
1156	190	190
1157	191	191
1158	190	190
1159	191	190
1160	191	190
1161	191	191
1162	190	190
1163	191	190
1164	191	190
1165	190	191
1166	190	190
1167	191	191
1168	191	191
1169	191	190
1170	190	190
1171	191	190
1172	190	190
1173	191	190
1174	191	190
1175	191	191
1176	190	191
1177	191	190
1178	191	190
1179	191	190
1180	191	191
1181	190	191
1182	190	190
1183	191	190
1184	191	191
1185	190	189
1186	191	190
1187	191	191
1188	191	190
1189	191	191
1190	190	190
1191	191	190
1192	191	190
1193	191	191
1194	190	190
1195	191	191
1196	191	190
1197	191	190
1198	191	190
1199	191	191
1200	190	190
1201	191	191
1202	190	190
1203	191	191
1204	190	190
1205	191	190
1206	191	190
1207	191	191
1208	191	190
1209	191	190
1210	190	190
1211	191	190
1212	191	190
1213	191	191
1214	191	190
1215	191	190
1216	190	190
1217	191	190
1218	191	190
1219	191	191
1220	191	191
1221	191	190
1222	191	190
1223	191	191
1224	191	190
1225	190	190
1226	191	190
1227	191	190
1228	190	190
1229	191	190
1230	191	190
1231	191	191
1232	191	191
1233	191	190
1234	191	190
1235	191	190
1236	191	190
1237	190	190
1238	190	190
1239	191	191
1240	190	191
1241	190	190
1242	191	191
1243	191	191
1244	190	191
1245	191	191
1246	191	190
1247	191	190
1248	190	190
1249	191	191
1250	191	190
1251	191	190
1252	190	191
1253	191	190
1254	191	191
1255	191	190
1256	191	190
1257	189	90
1258	185	89
1259	183	89
1260	179	89
1261	176	89
1262	173	89
1263	170	89
1264	167	89
1265	164	89
1266	161	89
1267	160	88
1268	157	89
1269	155	89
1270	152	89
1271	151	89
1272	148	88
1273	146	88
1274	144	89
1275	142	89
1276	140	89
1277	139	89
1278	137	88
1279	135	88
1280	133	89
1281	132	88
1282	130	88
1283	129	88
1284	128	87
1285	126	88
1286	124	87
1287	124	87
1288	122	87
1289	121	87
1290	120	87
1291	119	87
1292	118	87
1293	117	87
1294	116	87
1295	115	87
1296	113	87
1297	113	87
1298	112	87
1299	111	87
1300	110	87
1301	109	87
1302	108	87
1303	108	87
1304	107	87
1305	106	87
1306	105	87
1307	105	87
1308	105	87
1309	104	87
1310	103	87
1311	103	87
1312	103	87
1313	101	87
1314	101	87
1315	101	87
1316	100	87
1317	100	87
1318	99	86
1319	99	87
1320	98	87
1321	98	86
1322	97	86
1323	97	87
1324	97	87
1325	97	87
1326	97	87
1327	96	86
1328	96	86
1329	95	86
1330	95	86
1331	95	87
1332	94	86
1333	94	86
1334	94	86
1335	94	86
1336	93	87
1337	93	86
1338	92	86
1339	93	86
1340	92	87
1341	92	86
1342	92	87
1343	92	86
1344	92	86
1345	91	86
1346	91	86
1347	91	86
1348	91	86
1349	91	86
1350	91	86
1351	91	86
1352	90	86
1353	90	86
1354	90	86
1355	90	86
1356	90	86
1357	90	86
1358	89	86
1359	90	86
1360	89	86
1361	89	86
1362	89	86
1363	89	86
1364	89	86
1365	89	86
1366	89	86
1367	89	87
1368	88	86
1369	89	86
1370	88	86
1371	88	86
1372	89	86
1373	88	86
1374	88	86
1375	89	86
1376	87	86
1377	88	86
1378	87	86
1379	88	86
1380	88	86
1381	88	86
1382	88	86
1383	88	86
1384	87	86
1385	87	86
1386	87	86
1387	88	86
1388	87	86
1389	87	86
1390	87	86
1391	88	86
1392	87	86
1393	87	86
1394	87	86
1395	87	86
1396	87	86
1397	87	86
1398	87	86
1399	87	86
1400	87	86
1401	86	86
1402	87	86
1403	87	86
1404	87	86
1405	87	86
1406	87	86
1407	87	86
1408	86	86
1409	86	85
1410	87	86
1411	87	86
1412	86	86
1413	86	86
1414	86	86
1415	87	86
1416	86	86
1417	86	86
1418	86	86
1419	87	86
1420	86	86
1421	86	86
1422	86	86
1423	87	86
1424	87	86
1425	86	86
1426	86	86
1427	87	86
1428	86	86
1429	86	86
1430	86	86
1431	86	86
1432	87	86
1433	86	86
1434	86	85
1435	86	86
1436	86	86
1437	86	86
1438	86	86
1439	86	86
1440	86	86
1441	86	86
1442	86	86
1443	86	86
1444	86	86
1445	86	86
1446	86	86
1447	86	86
1448	86	86
1449	86	86
1450	86	86
1451	87	86
1452	86	86
1453	86	86
1454	86	86
1455	86	86
1456	86	86
1457	86	86
1458	86	86
1459	86	85
1460	86	86
1461	86	86
1462	86	86
1463	86	86
1464	86	86
1465	86	86
1466	86	86
1467	86	86
1468	86	86
1469	86	86
1470	86	86
1471	87	86
1472	86	86
1473	86	86
1474	86	86
1475	86	86
1476	86	86
1477	86	86
1478	86	86
1479	86	86
1480	86	86
1481	86	86
1482	86	86
1483	86	86
1484	86	86
1485	86	86
1486	86	86
1487	86	86
1488	86	86
1489	86	86
1490	86	85
1491	86	86
1492	86	86
1493	86	86
1494	86	86
1495	86	87
1496	86	86
1497	86	86
1498	86	86
1499	86	86
1500	86	86
1501	86	86
1502	86	86
1503	86	86
1504	86	86
1505	86	86
1506	86	86
1507	86	86
1508	86	86
1509	86	86
1510	86	86
1511	86	86
1512	86	86
1513	86	86
1514	86	86
1515	86	86
1516	86	86
1517	85	86
1518	86	86
1519	86	86
1520	86	86
1521	85	85
1522	86	86
1523	86	86
1524	86	86
1525	86	86
1526	86	86
1527	86	86
1528	86	86
1529	85	86
1530	86	86
1531	86	86
1532	86	86
1533	86	86
1534	86	86
1535	86	86
1536	86	86
1537	85	86
1538	86	86
1539	86	87
1540	86	86
1541	86	86
1542	85	86
1543	87	86
1544	86	86
1545	86	86
1546	86	86
1547	86	87
1548	86	86
1549	86	86
1550	86	86
1551	86	86
1552	86	86
1553	85	86
1554	86	86
1555	86	86
1556	86	86
1557	86	87
1558	86	86
1559	86	86
1560	85	86
1561	86	86
1562	86	86
1563	86	86
1564	86	86
1565	86	86
1566	86	86
1567	86	86
1568	86	86
1569	85	120
1570	89	187
1571	93	187
1572	96	187
1573	100	187
1574	102	187
1575	105	187
1576	108	187
1577	110	187
1578	113	187
1579	116	187
1580	118	187
1581	121	187
1582	123	187
1583	125	187
1584	127	188
1585	129	188
1586	131	187
1587	134	188
1588	135	188
1589	137	188
1590	139	188
1591	141	188
1592	143	189
1593	144	188
1594	145	188
1595	147	189
1596	148	188
1597	150	189
1598	151	188
1599	153	189
1600	153	189
1601	154	189
1602	156	188
1603	157	189
1604	158	189
1605	159	189
1606	160	189
1607	161	190
1608	162	189
1609	163	189
1610	164	189
1611	165	189
1612	166	189
1613	166	189
1614	167	189
1615	169	189
1616	169	190
1617	170	189
1618	170	189
1619	171	190
1620	171	189
1621	172	189
1622	172	190
1623	173	190
1624	174	190
1625	175	190
1626	175	190
1627	176	189
1628	176	190
1629	176	190
1630	177	190
1631	178	190
1632	177	190
1633	178	190
1634	178	190
1635	180	190
1636	179	190
1637	180	190
1638	180	190
1639	180	190
1640	181	190
1641	181	190
1642	181	190
1643	182	190
1644	182	190
1645	182	190
1646	183	190
1647	183	190
1648	183	190
1649	183	190
1650	184	190
1651	184	190
1652	184	190
1653	185	190
1654	184	190
1655	185	191
1656	185	190
1657	185	190
1658	185	190
1659	186	190
1660	185	190
1661	185	190
1662	186	190
1663	186	190
1664	186	190
1665	186	190
1666	186	190
1667	187	191
1668	187	190
1669	187	190
1670	187	190
1671	188	190
1672	187	190
1673	187	190
1674	187	190
1675	188	190
1676	187	190
1677	188	190
1678	188	190
1679	188	191
1680	188	190
1681	188	190
1682	188	190
1683	188	190
1684	188	191
1685	188	190
1686	188	190
1687	189	190
1688	188	190
1689	189	190
1690	189	190
1691	189	191
1692	189	190
1693	189	190
1694	189	190
1695	189	190
1696	189	190
1697	189	190
1698	189	190
1699	189	190
1700	189	191
1701	189	191
1702	189	190
1703	190	191
1704	189	190
1705	189	191
1706	189	190
1707	190	190
1708	189	190
1709	189	191
1710	190	191
1711	190	190
1712	190	190
1713	190	190
1714	190	190
1715	190	190
1716	190	191
1717	190	190
1718	190	190
1719	190	191
1720	190	190
1721	190	190
1722	190	190
1723	191	190
1724	190	190
1725	190	190
1726	190	191
1727	190	190
1728	190	190
1729	190	190
1730	190	190
1731	190	191
1732	190	190
1733	190	190
1734	190	190
1735	190	191
1736	190	190
1737	190	190
1738	190	191
1739	191	190
1740	190	190
1741	190	190
1742	190	191
1743	191	191
1744	190	190
1745	191	190
1746	190	191
1747	190	191
1748	190	190
1749	190	191
1750	190	191
1751	190	191
1752	191	190
1753	190	190
1754	190	190
1755	191	191
1756	190	190
1757	191	190
1758	191	190
1759	191	191
1760	190	190
1761	190	191
1762	190	190
1763	191	191
1764	190	190
1765	191	191
1766	190	191
1767	191	191
1768	191	190
1769	191	190
1770	190	190
1771	191	191
1772	190	190
1773	190	190
1774	190	191
1775	191	190
1776	191	190
1777	191	191
1778	190	191
1779	191	191
1780	191	190
1781	190	190
1782	191	191
1783	191	191
1784	191	190
1785	190	190
1786	190	190
1787	191	191
1788	191	190
1789	190	190
1790	190	190
1791	191	190
1792	190	191
1793	190	190
1794	191	190
1795	191	190
1796	191	190
1797	190	190
1798	191	191
1799	191	191
1800	191	190
1801	190	190
1802	190	191
1803	191	190
1804	191	190
1805	191	190
1806	191	190
1807	191	191
1808	190	191
1809	190	190
1810	190	190
1811	191	191
1812	190	190
1813	191	190
1814	191	190
1815	191	191
1816	191	190
1817	191	191
1818	190	190
1819	191	191
1820	191	190
1821	191	190
1822	190	190
1823	191	191
1824	191	190
1825	190	190
1826	190	190
1827	191	191
1828	191	191
1829	191	191
1830	190	190
1831	191	190
1832	191	190
1833	191	190
1834	191	190
1835	191	191
1836	191	191
1837	191	190
1838	191	190
1839	191	190
1840	191	190
1841	191	190
1842	190	190
1843	191	190
1844	191	191
1845	190	190
1846	190	190
1847	191	191
1848	191	190
1849	190	190
1850	190	190
1851	191	190
1852	191	191
1853	191	191
1854	190	190
1855	191	191
1856	191	190
1857	191	190
1858	190	190
1859	191	191
1860	191	190
1861	190	191
1862	191	190
1863	191	190
1864	191	190
1865	191	190
1866	191	190
1867	191	190
1868	191	191
1869	191	191
1870	190	190
1871	191	190
1872	191	191
1873	191	190
1874	190	191
1875	191	190
1876	190	190
1877	191	191
1878	191	190
1879	191	191
1880	191	190
1881	191	190
1882	189	89
1883	186	90
1884	182	89
1885	179	89
1886	176	89
1887	173	89
1888	170	89
1889	167	89
1890	164	89
1891	162	89
1892	159	89
1893	157	89
1894	155	89
1895	153	89
1896	150	89
1897	148	89
1898	146	89
1899	145	89
1900	142	89
1901	140	88
1902	138	88
1903	137	89
1904	135	88
1905	133	88
1906	132	87
1907	131	88
1908	129	88
1909	127	88
1910	126	88
1911	125	88
1912	124	88
1913	122	87
1914	121	87
1915	120	88
1916	119	87
1917	117	87
1918	117	87
1919	116	87
1920	115	87
1921	113	87
1922	113	87
1923	112	87
1924	111	87
1925	111	87
1926	109	87
1927	109	87
1928	108	87
1929	107	87
1930	106	87
1931	106	87
1932	105	87
1933	105	87
1934	104	87
1935	104	87
1936	103	87
1937	102	87
1938	101	87
1939	101	87
1940	100	87
1941	100	86
1942	100	87
1943	100	87
1944	99	87
1945	98	86
1946	98	87
1947	98	87
1948	97	87
1949	97	87
1950	97	86
1951	97	87
1952	96	87
1953	96	87
1954	95	86
1955	95	87
1956	95	86
1957	94	86
1958	94	86
1959	94	86
1960	93	86
1961	93	86
1962	93	86
1963	93	87
1964	93	87
1965	92	86
1966	92	86
1967	92	87
1968	92	86
1969	91	86
1970	91	86
1971	92	87
1972	91	86
1973	91	86
1974	91	86
1975	91	86
1976	91	87
1977	90	86
1978	90	86
1979	91	86
1980	90	86
1981	90	86
1982	89	86
1983	90	86
1984	89	86
1985	89	86
1986	89	86
1987	89	86
1988	89	86
1989	89	86
1990	89	86
1991	89	86
1992	88	86
1993	88	86
1994	88	86
1995	89	86
1996	88	86
1997	88	86
1998	88	86
1999	88	86
2000	88	86
2001	88	86
2002	88	86
2003	88	86
2004	88	87
2005	88	86
2006	87	86
2007	88	86
2008	87	87
2009	87	86
2010	87	86
2011	88	86
2012	87	86
2013	87	86
2014	87	86
2015	87	86
2016	87	86
2017	87	86
2018	87	86
2019	87	86
2020	87	86
2021	87	86
2022	87	86
2023	87	86
2024	87	86
2025	87	86
2026	86	86
2027	87	86
2028	87	86
2029	87	86
2030	86	86
2031	87	86
2032	86	86
2033	87	86
2034	86	86
2035	87	86
2036	87	86
2037	87	86
2038	86	86
2039	86	86
2040	86	86
2041	86	86
2042	86	86
2043	87	86
2044	86	86
2045	86	86
2046	86	86
2047	86	86
2048	87	86
2049	86	86
2050	86	86
2051	87	86
2052	86	86
2053	86	86
2054	86	86
2055	86	86
2056	86	86
2057	86	86
2058	86	86
2059	86	87
2060	86	86
2061	86	86
2062	86	86
2063	86	86
2064	86	86
2065	86	86
2066	86	87
2067	87	86
2068	86	86
2069	86	86
2070	86	86
2071	87	86
2072	86	86
2073	86	86
2074	86	86
2075	86	86
2076	86	86
2077	86	86
2078	86	86
2079	86	86
2080	86	86
2081	86	86
2082	86	86
2083	87	87
2084	86	86
2085	86	86
2086	86	86
2087	86	87
2088	86	86
2089	86	86
2090	86	86
2091	86	86
2092	86	86
2093	86	86
2094	86	86
2095	86	86
2096	86	86
2097	86	86
2098	86	86
2099	87	86
2100	86	86
2101	86	86
2102	86	86
2103	86	86
2104	86	86
2105	86	86
2106	86	86
2107	86	86
2108	86	86
2109	86	86
2110	86	86
2111	86	86
2112	86	86
2113	86	86
2114	85	86
2115	86	86
2116	86	86
2117	85	86
2118	86	86
2119	86	86
2120	86	86
2121	86	86
2122	86	86
2123	86	86
2124	86	86
2125	86	86
2126	86	86
2127	86	86
2128	86	86
2129	86	86
2130	86	86
2131	86	86
2132	86	86
2133	85	86
2134	86	86
2135	86	86
2136	86	86
2137	86	86
2138	86	86
2139	86	86
2140	86	86
2141	86	86
2142	86	86
2143	86	86
2144	85	85
2145	85	86
2146	86	86
2147	86	86
2148	86	86
2149	86	86
2150	86	86
2151	86	86
2152	86	86
2153	86	86
2154	85	86
2155	86	86
2156	86	86
2157	86	86
2158	86	86
2159	86	86
2160	86	86
2161	86	86
2162	86	86
2163	86	86
2164	86	86
2165	85	86
2166	86	86
2167	86	86
2168	85	86
2169	85	86
2170	86	86
2171	86	86
2172	86	86
2173	86	86
2174	86	86
2175	86	86
2176	86	86
2177	85	86
2178	86	86
2179	86	86
2180	86	86
2181	86	86
2182	86	86
2183	86	86
2184	86	86
2185	86	86
2186	86	86
2187	86	86
2188	86	86
2189	86	86
2190	86	86
2191	86	86
2192	85	86
2193	86	86
2194	86	120
2195	89	187
2196	93	187
2197	96	187
2198	100	187
2199	102	187
2200	105	187
2201	108	187
2202	110	187
2203	113	188
2204	116	187
2205	118	187
2206	120	187
2207	123	187
2208	125	187
2209	127	187
2210	129	187
2211	132	188
2212	133	187
2213	135	188
2214	137	188
2215	139	188
2216	140	188
2217	142	189
2218	144	188
2219	145	188
2220	147	189
2221	148	189
2222	149	189
2223	151	189
2224	153	189
2225	153	189
2226	155	189
2227	156	189
2228	157	189
2229	158	189
2230	159	189
2231	161	189
2232	161	189
2233	162	189
2234	163	189
2235	164	189
2236	165	190
2237	165	189
2238	166	190
2239	168	189
2240	168	189
2241	169	189
2242	169	190
2243	170	190
2244	171	190
2245	171	189
2246	172	190
2247	173	189
2248	173	190
2249	174	190
2250	174	190
2251	175	190
2252	175	190
2253	175	190
2254	176	190
2255	177	190
2256	177	190
2257	177	190
2258	178	189
2259	179	190
2260	179	190
2261	180	190
2262	179	190
2263	180	190
2264	180	190
2265	180	190
2266	181	190
2267	181	190
2268	181	190
2269	182	190
2270	182	190
2271	183	190
2272	183	190
2273	183	190
2274	183	190
2275	184	190
2276	184	190
2277	184	190
2278	184	190
2279	185	190
2280	185	190
2281	184	189
2282	185	190
2283	185	190
2284	185	190
2285	185	190
2286	185	190
2287	186	190
2288	186	190
2289	186	190
2290	186	190
2291	187	191
2292	187	190
2293	187	190
2294	187	190
2295	187	190
2296	187	190
2297	187	190
2298	187	190
2299	188	190
2300	187	190
2301	188	190
2302	188	190
2303	188	191
2304	188	190
2305	188	191
2306	188	190
2307	188	190
2308	188	190
2309	188	190
2310	188	191
2311	188	191
2312	188	190
2313	188	190
2314	188	190
2315	189	190
2316	188	190
2317	189	190
2318	189	190
2319	189	191
2320	189	190
2321	189	190
2322	189	190
2323	189	191
2324	189	190
2325	189	190
2326	189	190
2327	190	190
2328	189	191
2329	189	190
2330	190	190
2331	189	191
2332	189	191
2333	189	190
2334	190	190
2335	190	191
2336	189	190
2337	189	190
2338	190	190
2339	190	191
2340	189	191
2341	190	190
2342	189	190
2343	190	190
2344	190	191
2345	190	190
2346	190	190
2347	191	190
2348	190	190
2349	190	190
2350	190	190
2351	190	190
2352	190	190
2353	190	191
2354	190	191
2355	190	191
2356	190	190
2357	190	190
2358	190	190
2359	190	191
2360	190	190
2361	190	190
2362	190	190
2363	191	190
2364	190	191
2365	191	190
2366	191	191
2367	191	190
2368	190	190
2369	190	190
2370	191	190
2371	191	191
2372	190	191
2373	190	191
2374	190	190
2375	191	191
2376	190	190
2377	190	190
2378	190	190
2379	191	190
2380	190	190
2381	190	190
2382	190	190
2383	190	191
2384	190	190
2385	191	191
2386	190	190
2387	191	191
2388	190	191
2389	190	190
2390	190	191
2391	190	190
2392	190	190
2393	190	190
2394	190	190
2395	191	190
2396	190	191
2397	191	190
2398	190	190
2399	191	190
2400	190	190
2401	191	190
2402	191	191
2403	191	190
2404	190	190
2405	191	191
2406	190	190
2407	191	191
2408	190	190
2409	190	191
2410	190	191
2411	191	191
2412	191	191
2413	191	190
2414	190	190
2415	191	190
2416	191	190
2417	190	190
2418	191	190
2419	191	191
2420	190	190
2421	191	191
2422	191	190
2423	191	190
2424	191	190
2425	190	190
2426	190	190
2427	191	191
2428	191	190
2429	190	190
2430	190	190
2431	191	190
2432	191	190
2433	190	191
2434	190	190
2435	191	191
2436	191	191
2437	191	191
2438	191	190
2439	191	191
2440	191	190
2441	191	190
2442	191	190
2443	191	191
2444	191	190
2445	191	190
2446	191	190
2447	191	191
2448	190	191
2449	190	190
2450	191	190
2451	191	190
2452	190	190
2453	191	191
2454	191	190
2455	191	191
2456	191	191
2457	191	190
2458	191	191
2459	191	190
2460	191	190
2461	191	191
2462	190	190
2463	191	191
2464	191	191
2465	191	190
2466	191	191
2467	191	191
2468	191	191
2469	191	191
2470	190	191
2471	191	190
2472	191	190
2473	191	190
2474	191	190
2475	191	190
2476	191	191
2477	191	191
2478	191	191
2479	191	191
2480	190	190
2481	190	190
2482	191	190
2483	191	190
2484	190	190
2485	191	190
2486	190	191
2487	191	190
2488	190	190
2489	190	190
2490	190	191
2491	191	191
2492	191	190
2493	191	190
2494	190	191
2495	191	191
2496	191	190
2497	191	190
2498	191	190
2499	191	190
2500	191	191
2501	190	191
2502	190	190
2503	191	191
2504	191	190
2505	190	190
2506	191	191
2507	189	90
2508	185	90
2509	182	89
2510	179	89
2511	176	89
2512	173	89
2513	169	89
2514	167	89
2515	164	89
2516	161	89
2517	159	89
2518	156	89
2519	155	89
2520	153	89
2521	150	89
2522	148	89
2523	146	89
2524	144	89
2525	143	89
2526	140	88
2527	139	89
2528	137	88
2529	135	88
2530	133	87
2531	132	88
2532	131	88
2533	129	88
2534	127	88
2535	126	88
2536	125	87
2537	123	87
2538	122	87
2539	121	87
2540	120	87
2541	119	87
2542	118	87
2543	117	87
2544	116	87
2545	114	87
2546	114	87
2547	113	87
2548	112	87
2549	111	87
2550	110	87
2551	110	87
2552	108	87
2553	108	87
2554	107	87
2555	107	86
2556	106	87
2557	105	87
2558	105	87
2559	104	87
2560	104	87
2561	103	86
2562	102	87
2563	102	87
2564	101	87
2565	101	86
2566	100	87
2567	100	87
2568	99	87
2569	99	87
2570	98	86
2571	99	87
2572	97	87
2573	97	86
2574	97	87
2575	97	87
2576	97	87
2577	96	87
2578	96	87
2579	96	86
2580	95	86
2581	95	86
2582	95	86
2583	94	86
2584	94	87
2585	94	86
2586	93	86
2587	93	86
2588	92	87
2589	93	86
2590	92	86
2591	92	87
2592	92	86
2593	92	86
2594	92	86
2595	92	86
2596	91	86
2597	91	86
2598	91	87
2599	91	86
2600	91	86
2601	90	86
2602	90	86
2603	90	86
2604	90	86
2605	90	86
2606	90	86
2607	90	86
2608	89	86
2609	89	86
2610	89	86
2611	89	86
2612	89	86
2613	89	86
2614	89	87
2615	89	86
2616	89	86
2617	88	86
2618	89	86
2619	89	86
2620	89	86
2621	88	86
2622	88	86
2623	89	86
2624	88	86
2625	88	86
2626	88	86
2627	88	86
2628	88	86
2629	88	86
2630	87	86
2631	88	86
2632	87	86
2633	88	86
2634	87	86
2635	88	87
2636	87	86
2637	87	86
2638	87	86
2639	88	86
2640	87	86
2641	87	86
2642	87	86
2643	87	86
2644	87	86
2645	87	86
2646	87	86
2647	87	86
2648	87	86
2649	87	86
2650	87	86
2651	87	86
2652	87	86
2653	87	86
2654	86	86
2655	87	86
2656	87	86
2657	87	86
2658	87	86
2659	87	86
2660	87	86
2661	87	86
2662	87	86
2663	87	86
2664	87	86
2665	87	86
2666	86	86
2667	86	86
2668	87	86
2669	86	86
2670	86	86
2671	86	86
2672	86	86
2673	86	86
2674	86	86
2675	87	87
2676	86	86
2677	86	86
2678	86	86
2679	87	86
2680	86	86
2681	86	86
2682	86	86
2683	87	86
2684	86	86
2685	86	86
2686	86	86
2687	86	86
2688	86	86
2689	86	86
2690	86	86
2691	87	86
2692	86	85
2693	87	86
2694	86	86
2695	87	86
2696	86	86
2697	86	86
2698	86	86
2699	86	86
2700	86	86
2701	86	86
2702	86	86
2703	86	86
2704	86	86
2705	86	86
2706	86	86
2707	86	87
2708	86	86
2709	86	86
2710	86	86
2711	86	86
2712	86	86
2713	86	86
2714	86	86
2715	86	86
2716	86	86
2717	86	86
2718	86	86
2719	86	86
2720	86	86
2721	85	86
2722	86	86
2723	86	86
2724	86	86
2725	86	86
2726	86	86
2727	86	86
2728	86	86
2729	86	86
2730	86	86
2731	86	86
2732	86	86
2733	86	86
2734	86	86
2735	86	86
2736	86	86
2737	86	86
2738	86	86
2739	86	86
2740	86	86
2741	86	86
2742	86	86
2743	87	86
2744	86	86
2745	86	86
2746	86	86
2747	86	86
2748	86	86
2749	86	86
2750	86	86
2751	86	86
2752	86	86
2753	86	86
2754	86	86
2755	86	86
2756	86	86
2757	86	86
2758	86	86
2759	86	86
2760	86	86
2761	86	86
2762	86	86
2763	86	86
2764	86	86
2765	86	86
2766	85	86
2767	86	86
2768	86	86
2769	86	86
2770	86	86
2771	86	86
2772	86	86
2773	86	86
2774	86	86
2775	86	86
2776	86	86
2777	86	86
2778	86	86
2779	86	86
2780	86	86
2781	86	86
2782	86	86
2783	86	86
2784	86	86
2785	86	86
2786	86	86
2787	86	86
2788	86	86
2789	86	86
2790	86	86
2791	86	86
2792	85	86
2793	86	86
2794	86	86
2795	86	86
2796	86	86
2797	85	86
2798	86	86
2799	86	86
2800	86	85
2801	86	86
2802	86	86
2803	86	86
2804	86	86
2805	86	86
2806	85	86
2807	86	86
2808	86	86
2809	85	86
2810	86	86
2811	86	87
2812	86	86
2813	85	86
2814	86	86
2815	86	86
2816	85	86
2817	86	86
2818	86	86
2819	86	120
2820	89	187
2821	93	187
2822	96	187
2823	100	187
2824	102	187
2825	105	187
2826	107	187
2827	111	187
2828	113	187
2829	115	187
2830	118	187
2831	121	187
2832	123	187
2833	125	187
2834	127	187
2835	130	187
2836	131	187
2837	133	188
2838	135	188
2839	137	188
2840	139	188
2841	140	188
2842	142	188
2843	144	188
2844	145	189
2845	147	189
2846	148	188
2847	150	189
2848	151	189
2849	153	188
2850	153	188
2851	155	189
2852	156	189
2853	157	189
2854	158	189
2855	159	189
2856	160	189
2857	161	189
2858	162	189
2859	163	189
2860	164	189
2861	165	189
2862	165	189
2863	167	190
2864	167	189
2865	168	189
2866	169	190
2867	169	190
2868	170	190
2869	171	189
2870	172	190
2871	172	190
2872	173	189
2873	173	190
2874	173	190
2875	174	190
2876	175	190
2877	175	190
2878	176	189
2879	177	190
2880	177	190
2881	177	190
2882	178	190
2883	179	190
2884	178	190
2885	179	190
2886	179	190
2887	180	190
2888	180	190
2889	180	190
2890	180	190
2891	181	190
2892	181	190
2893	181	190
2894	182	190
2895	183	190
2896	182	190
2897	182	190
2898	183	190
2899	184	190
2900	184	190
2901	184	190
2902	184	190
2903	185	190
2904	185	191
2905	185	190
2906	185	190
2907	185	190
2908	185	190
2909	185	190
2910	185	190
2911	186	191
2912	186	190
2913	186	190
2914	186	190
2915	187	191
2916	186	190
2917	186	191
2918	187	190
2919	187	190
2920	187	190
2921	187	190
2922	187	190
2923	188	191
2924	188	190
2925	188	191
2926	188	190
2927	188	191
2928	188	190
2929	188	190
2930	188	190
2931	188	190
2932	188	191
2933	188	190
2934	188	190
2935	189	191
2936	188	190
2937	188	190
2938	188	191
2939	189	190
2940	188	190
2941	188	190
2942	189	190
2943	189	190
2944	188	190
2945	189	190
2946	189	190
2947	189	190
2948	189	190
2949	189	190
2950	189	190
2951	190	191
2952	189	190
2953	189	190
2954	189	190
2955	190	191
2956	189	191
2957	189	190
2958	190	190
2959	190	191
2960	189	190
2961	189	190
2962	189	191
2963	190	191
2964	190	190
2965	189	190
2966	189	190
2967	190	191
2968	190	190
2969	190	190
2970	190	190
2971	190	191
2972	190	190
2973	190	190
2974	190	191
2975	190	190
2976	190	190
2977	190	190
2978	190	190
2979	190	191
2980	190	190
2981	190	190
2982	190	190
2983	190	190
2984	190	191
2985	190	190
2986	190	190
2987	191	190
2988	190	190
2989	190	190
2990	190	190
2991	191	191
2992	190	190
2993	190	190
2994	190	190
2995	190	190
2996	190	191
2997	190	190
2998	190	191
2999	191	190
3000	190	190
3001	190	190
3002	190	190
3003	191	191
3004	191	190
3005	190	190
3006	191	190
3007	191	190
3008	190	191
3009	191	190
3010	191	190
3011	191	191
3012	190	190
3013	191	190
3014	190	190
3015	191	190
3016	190	190
3017	190	190
3018	190	191
3019	191	191
3020	191	190
3021	190	190
3022	190	190
3023	191	191
3024	191	190
3025	191	191
3026	190	191
3027	191	191
3028	191	190
3029	190	190
3030	191	191
3031	191	191
3032	191	190
3033	191	190
3034	190	190
3035	191	190
3036	190	190
3037	190	190
3038	190	190
3039	191	191
3040	190	190
3041	191	190
3042	191	191
3043	191	191
3044	191	190
3045	191	191
3046	191	190
3047	191	190
3048	191	190
3049	191	190
3050	191	190
3051	191	191
3052	190	190
3053	191	190
3054	190	190
3055	191	190
3056	190	190
3057	190	190
3058	190	190
3059	191	190
3060	191	191
3061	191	190
3062	191	190
3063	191	190
3064	191	190
3065	190	190
3066	191	190
3067	191	190
3068	191	190
3069	191	190
3070	191	191
3071	191	190
3072	191	191
3073	191	191
3074	190	190
3075	191	191
3076	191	190
3077	191	190
3078	190	190
3079	191	190
3080	191	190
3081	190	190
3082	191	190
3083	191	191
3084	190	190
3085	190	191
3086	190	190
3087	191	191
3088	191	190
3089	191	191
3090	190	190
3091	191	191
3092	190	191
3093	191	190
3094	191	190
3095	191	191
3096	191	190
3097	191	190
3098	191	190
3099	191	191
3100	191	190
3101	191	190
3102	190	190
3103	191	190
3104	191	191
3105	191	190
3106	191	191
3107	191	191
3108	191	191
3109	190	191
3110	191	190
3111	191	190
3112	191	190
3113	191	190
3114	190	191
3115	191	191
3116	191	190
3117	191	191
3118	190	190
3119	190	190
3120	190	190
3121	190	190
3122	191	190
3123	191	190
3124	191	190
3125	191	190
3126	191	190
3127	191	191
3128	191	190
3129	191	190
3130	190	191
3131	191	190
3132	189	89
3133	185	89
3134	182	89
3135	179	89
3136	176	89
3137	173	89
3138	170	89
3139	167	89
3140	164	89
3141	161	89
3142	159	89
3143	157	89
3144	155	89
3145	153	89
3146	150	89
3147	148	89
3148	146	89
3149	144	88
3150	142	88
3151	140	89
3152	138	88
3153	137	88
3154	135	89
3155	134	88
3156	132	88
3157	130	88
3158	129	87
3159	128	87
3160	126	87
3161	125	87
3162	123	88
3163	122	87
3164	121	88
3165	120	87
3166	119	87
3167	118	87
3168	116	87
3169	116	87
3170	115	87
3171	114	87
3172	113	87
3173	112	87
3174	111	87
3175	110	87
3176	109	87
3177	108	87
3178	108	87
3179	107	87
3180	107	87
3181	106	87
3182	105	87
3183	105	87
3184	104	87
3185	103	87
3186	103	87
3187	103	87
3188	101	87
3189	101	87
3190	100	87
3191	100	87
3192	100	87
3193	99	86
3194	99	86
3195	99	87
3196	98	86
3197	98	86
3198	97	87
3199	97	87
3200	97	86
3201	96	86
3202	95	86
3203	96	87
3204	95	87
3205	95	87
3206	95	86
3207	95	87
3208	94	86
3209	93	86
3210	94	86
3211	93	86
3212	93	86
3213	92	86
3214	92	86
3215	92	86
3216	92	86
3217	92	86
3218	92	86
3219	92	86
3220	91	86
3221	91	86
3222	91	86
3223	91	87
3224	91	86
3225	91	86
3226	90	86
3227	91	87
3228	90	87
3229	90	86
3230	89	86
3231	90	86
3232	89	86
3233	89	86
3234	89	86
3235	89	86
3236	89	86
3237	89	86
3238	89	87
3239	89	87
3240	89	85
3241	89	86
3242	88	86
3243	89	86
3244	88	86
3245	88	86
3246	89	85
3247	89	86
3248	88	86
3249	87	86
3250	88	86
3251	88	86
3252	88	86
3253	88	86
3254	88	86
3255	88	86
3256	88	86
3257	87	86
3258	88	86
3259	88	86
3260	87	86
3261	87	86
3262	87	86
3263	87	86
3264	87	86
3265	87	86
3266	87	86
3267	88	86
3268	87	86
3269	87	86
3270	87	86
3271	87	86
3272	87	86
3273	87	86
3274	87	86
3275	87	86
3276	87	86
3277	87	86
3278	87	86
3279	87	86
3280	86	86
3281	87	86
3282	86	86
3283	87	86
3284	86	86
3285	87	86
3286	87	86
3287	87	86
3288	86	86
3289	86	86
3290	86	86
3291	87	86
3292	86	86
3293	86	86
3294	86	86
3295	87	86
3296	86	86
3297	86	86
3298	86	86
3299	87	87
3300	86	86
3301	86	86
3302	86	85
3303	87	86
3304	86	86
3305	86	86
3306	86	86
3307	87	86
3308	86	86
3309	86	86
3310	86	86
3311	86	86
3312	86	86
3313	86	86
3314	86	86
3315	86	86
3316	86	86
3317	86	86
3318	86	86
3319	86	86
3320	86	86
3321	86	86
3322	86	86
3323	87	86
3324	86	86
3325	86	86
3326	86	86
3327	86	86
3328	86	86
3329	86	86
3330	86	86
3331	86	86
3332	86	86
3333	86	86
3334	86	86
3335	86	86
3336	86	86
3337	86	86
3338	86	86
3339	86	86
3340	86	86
3341	86	86
3342	86	86
3343	86	86
3344	86	86
3345	86	86
3346	86	86
3347	86	86
3348	86	86
3349	86	86
3350	86	86
3351	86	86
3352	86	85
3353	86	86
3354	86	86
3355	86	86
3356	86	86
3357	86	86
3358	86	85
3359	86	86
3360	86	86
3361	86	86
3362	85	86
3363	87	86
3364	86	86
3365	86	86
3366	86	86
3367	86	86
3368	86	86
3369	86	86
3370	86	86
3371	86	86
3372	86	86
3373	86	86
3374	86	86
3375	86	86
3376	86	86
3377	86	85
3378	85	86
3379	86	86
3380	86	86
3381	86	86
3382	86	86
3383	86	86
3384	85	86
3385	86	86
3386	86	86
3387	86	86
3388	86	86
3389	86	86
3390	86	86
3391	86	86
3392	86	87
3393	86	86
3394	85	86
3395	86	86
3396	86	86
3397	86	86
3398	86	86
3399	86	86
3400	86	86
3401	86	86
3402	86	86
3403	86	86
3404	86	86
3405	86	86
3406	86	86
3407	86	86
3408	86	85
3409	86	86
3410	85	86
3411	86	86
3412	86	86
3413	86	86
3414	86	86
3415	86	86
3416	86	86
3417	86	86
3418	86	86
3419	86	86
3420	86	86
3421	86	86
3422	86	86
3423	86	86
3424	86	86
3425	86	86
3426	85	86
3427	86	86
3428	86	86
3429	86	86
3430	86	86
3431	86	86
3432	86	86
3433	85	86
3434	86	86
3435	86	86
3436	86	87
3437	86	86
3438	86	86
3439	86	86
3440	86	86
3441	86	86
3442	86	86
3443	86	86
3444	86	120
3445	89	187
3446	93	187
3447	96	187
3448	99	187
3449	102	187
3450	105	187
3451	108	187
3452	110	187
3453	113	187
3454	116	187
3455	119	187
3456	121	187
3457	123	187
3458	125	187
3459	128	188
3460	129	188
3461	131	188
3462	133	187
3463	136	188
3464	137	187
3465	139	188
3466	141	188
3467	143	189
3468	144	188
3469	145	188
3470	147	189
3471	149	189
3472	149	188
3473	151	189
3474	152	188
3475	154	189
3476	155	189
3477	156	189
3478	157	189
3479	159	189
3480	159	189
3481	160	189
3482	161	189
3483	162	189
3484	163	189
3485	164	189
3486	165	190
3487	166	189
3488	167	189
3489	167	189
3490	169	189
3491	169	190
3492	169	189
3493	170	190
3494	171	189
3495	172	190
3496	172	189
3497	172	189
3498	173	189
3499	174	189
3500	174	190
3501	175	190
3502	176	190
3503	176	190
3504	177	190
3505	177	189
3506	177	190
3507	178	190
3508	178	190
3509	179	190
3510	179	190
3511	180	190
3512	180	190
3513	180	190
3514	180	189
3515	181	190
3516	181	190
3517	181	190
3518	181	190
3519	182	190
3520	182	189
3521	183	190
3522	183	190
3523	183	190
3524	183	190
3525	184	190
3526	184	190
3527	185	190
3528	184	190
3529	185	190
3530	184	190
3531	185	190
3532	185	190
3533	185	190
3534	185	190
3535	186	190
3536	186	190
3537	185	190
3538	186	191
3539	186	191
3540	186	190
3541	187	190
3542	187	190
3543	187	190
3544	187	190
3545	187	190
3546	187	190
3547	187	190
3548	187	190
3549	187	190
3550	187	190
3551	188	190
3552	188	190
3553	188	190
3554	188	190
3555	188	191
3556	188	190
3557	188	190
3558	188	190
3559	188	190
3560	188	190
3561	188	190
3562	188	191
3563	189	190
3564	188	190
3565	189	190
3566	189	190
3567	189	191
3568	189	190
3569	189	190
3570	188	190
3571	189	190
3572	189	191
3573	189	191
3574	189	190
3575	189	190
3576	189	190
3577	189	190
3578	190	190
3579	190	191
3580	189	190
3581	189	191
3582	190	191
3583	190	190
3584	190	190
3585	189	190
3586	189	190
3587	190	191
3588	189	190
3589	190	190
3590	190	190
3591	190	190
3592	189	190
3593	189	190
3594	190	190
3595	190	191
3596	190	190
3597	190	191
3598	190	190
3599	190	191
3600	190	190
3601	190	190
3602	190	190
3603	190	190
3604	190	190
3605	190	190
3606	190	190
3607	190	190
3608	190	191
3609	190	190
3610	190	190
3611	190	190
3612	190	190
3613	190	191
3614	190	190
3615	191	191
3616	190	190
3617	190	190
3618	190	191
3619	191	190
3620	190	190
3621	190	190
3622	190	190
3623	191	190
3624	191	190
3625	191	190
3626	190	190
3627	191	190
3628	191	191
3629	190	190
3630	191	190
3631	191	190
3632	190	190
3633	190	190
3634	190	190
3635	191	190
3636	190	191
3637	190	190
3638	191	190
3639	191	190
3640	191	190
3641	190	190
3642	191	190
3643	191	191
3644	190	190
3645	190	190
3646	191	191
3647	191	191
3648	191	190
3649	191	190
3650	190	190
3651	191	190
3652	191	190
3653	190	190
3654	190	191
3655	191	191
3656	191	190
3657	190	190
3658	191	191
3659	191	191
3660	191	190
3661	190	190
3662	190	190
3663	191	191
3664	191	190
3665	191	190
3666	191	190
3667	191	190
3668	191	191
3669	191	190
3670	191	190
3671	191	190
3672	191	190
3673	191	190
3674	191	190
3675	191	190
3676	191	190
3677	191	191
3678	191	190
3679	191	190
3680	190	190
3681	191	190
3682	190	190
3683	191	190
3684	190	191
3685	190	190
3686	191	190
3687	191	191
3688	191	190
3689	190	190
3690	191	190
3691	191	191
3692	191	190
3693	190	190
3694	191	190
3695	191	191
3696	191	190
3697	191	190
3698	190	190
3699	191	190
3700	191	190
3701	191	190
3702	190	190
3703	191	190
3704	191	190
3705	191	191
3706	190	190
3707	191	190
3708	190	190
3709	190	190
3710	190	191
3711	191	191
3712	191	190
3713	190	190
3714	191	191
3715	191	190
3716	191	190
3717	191	190
3718	190	190
3719	191	191
3720	191	190
3721	191	190
3722	191	190
3723	191	190
3724	191	191
3725	190	190
3726	190	190
3727	191	191
3728	190	190
3729	191	190
3730	191	191
3731	191	190
3732	191	190
3733	191	191
3734	191	190
3735	191	191
3736	191	191
3737	190	190
3738	190	190
3739	191	191
3740	191	191
3741	190	190
3742	191	190
3743	191	190
3744	191	190
3745	191	190
3746	191	190
3747	191	191
3748	191	191
3749	191	190
3750	190	190
3751	191	190
3752	191	191
3753	191	191
3754	190	190
3755	191	191
3756	191	190
3757	189	90
3758	185	89
3759	182	89
3760	179	89
3761	176	89
3762	173	89
3763	170	89
3764	167	89
3765	164	89
3766	162	89
3767	159	89
3768	157	89
3769	155	88
3770	153	89
3771	151	89
3772	148	89
3773	146	89
3774	144	89
3775	143	89
3776	140	88
3777	138	89
3778	137	88
3779	135	88
3780	133	88
3781	132	89
3782	130	88
3783	129	88
3784	127	88
3785	126	88
3786	125	88
3787	124	87
3788	122	87
3789	121	87
3790	120	88
3791	119	87
3792	118	87
3793	116	87
3794	116	87
3795	115	87
3796	113	87
3797	113	87
3798	112	87
3799	111	87
3800	110	87
3801	109	87
3802	109	87
3803	108	87
3804	107	87
3805	106	87
3806	106	87
3807	105	87
3808	105	87
3809	104	87
3810	103	87
3811	103	87
3812	102	87
3813	101	87
3814	101	87
3815	101	87
3816	100	87
3817	100	87
3818	100	86
3819	99	86
3820	99	86
3821	98	87
3822	97	87
3823	97	86
3824	97	86
3825	97	86
3826	96	87
3827	96	87
3828	95	87
3829	95	87
3830	95	86
3831	95	87
3832	94	87
3833	94	86
3834	94	86
3835	94	86
3836	93	87
3837	93	86
3838	93	87
3839	93	86
3840	92	86
3841	92	86
3842	92	86
3843	92	86
3844	92	86
3845	92	86
3846	91	86
3847	92	87
3848	91	86
3849	91	86
3850	90	86
3851	91	86
3852	90	86
3853	90	86
3854	90	86
3855	90	87
3856	90	86
3857	90	86
3858	90	86
3859	90	86
3860	89	86
3861	89	87
3862	89	86
3863	89	86
3864	89	86
3865	89	86
3866	89	86
3867	89	86
3868	89	86
3869	89	86
3870	89	86
3871	89	86
3872	88	86
3873	88	86
3874	88	86
3875	88	86
3876	88	86
3877	88	86
3878	87	86
3879	88	86
3880	88	86
3881	88	86
3882	87	86
3883	88	86
3884	87	86
3885	88	86
3886	87	86
3887	88	86
3888	87	86
3889	87	86
3890	87	86
3891	87	86
3892	87	86
3893	87	86
3894	87	86
3895	87	86
3896	87	86
3897	87	86
3898	87	86
3899	87	86
3900	87	86
3901	87	86
3902	87	86
3903	87	86
3904	87	86
3905	86	86
3906	87	85
3907	87	86
3908	86	86
3909	87	86
3910	87	86
3911	87	86
3912	87	86
3913	87	86
3914	86	86
3915	87	86
3916	87	86
3917	86	86
3918	86	86
3919	87	86
3920	86	86
3921	86	86
3922	86	86
3923	87	86
3924	86	86
3925	86	85
3926	86	86
3927	87	86
3928	86	86
3929	86	86
3930	87	86
3931	86	86
3932	86	86
3933	86	86
3934	86	86
3935	87	86
3936	86	86
3937	86	86
3938	86	86
3939	87	86
3940	86	86
3941	86	86
3942	86	86
3943	86	86
3944	86	86
3945	86	86
3946	86	86
3947	87	86
3948	86	86
3949	86	86
3950	86	86
3951	87	86
3952	86	86
3953	86	86
3954	86	86
3955	87	86
3956	86	86
3957	86	86
3958	86	86
3959	87	86
3960	86	86
3961	86	86
3962	86	86
3963	86	86
3964	86	86
3965	86	86
3966	86	86
3967	86	86
3968	86	86
3969	86	86
3970	86	86
3971	86	86
3972	86	86
3973	86	86
3974	86	86
3975	86	86
3976	86	86
3977	86	86
3978	86	86
3979	86	86
3980	86	86
3981	86	86
3982	86	86
3983	86	86
3984	86	87
3985	86	86
3986	86	86
3987	86	86
3988	86	86
3989	86	86
3990	86	86
3991	86	86
3992	86	86
3993	86	86
3994	86	86
3995	86	86
3996	86	86
3997	86	86
3998	86	86
3999	86	86
4000	86	86
4001	86	86
4002	86	86
4003	86	87
4004	86	86
4005	86	86
4006	86	86
4007	86	86
4008	86	86
4009	86	86
4010	86	86
4011	86	86
4012	85	86
4013	86	86
4014	85	86
4015	86	86
4016	86	86
4017	86	86
4018	86	86
4019	86	86
4020	86	86
4021	86	86
4022	86	86
4023	86	86
4024	86	86
4025	86	86
4026	86	86
4027	86	86
4028	86	86
4029	86	86
4030	86	86
4031	86	86
4032	86	86
4033	86	86
4034	86	86
4035	86	86
4036	86	86
4037	86	86
4038	86	86
4039	86	86
4040	86	86
4041	86	86
4042	86	86
4043	86	86
4044	86	86
4045	86	86
4046	86	86
4047	86	86
4048	86	86
4049	86	86
4050	86	86
4051	86	86
4052	86	86
4053	86	86
4054	86	86
4055	86	86
4056	86	86
4057	86	86
4058	85	86
4059	86	86
4060	86	86
4061	86	86
4062	85	86
4063	86	86
4064	86	86
4065	86	86
4066	86	86
4067	86	86
4068	86	86
4069	86	120
4070	89	187
4071	93	187
4072	96	187
4073	99	187
4074	102	187
4075	105	187
4076	108	187
4077	111	187
4078	113	187
4079	116	187
4080	118	187
4081	121	187
4082	123	188
4083	125	187
4084	127	188
4085	129	188
4086	132	187
4087	134	188
4088	136	188
4089	137	188
4090	139	188
4091	141	189
4092	143	188
4093	144	187
4094	146	188
4095	147	189
