
TIME STEP:
125 = 1ms

VOLTAGE STEP:
CH1:  32 = 0.3V
CH2:  32 = 0.3V
GND	138	132
N	CH1	CH2

0	190	190
1	190	190
2	190	190
3	190	191
4	190	190
5	190	190
6	190	190
7	190	191
8	190	190
9	190	190
10	190	190
11	190	190
12	190	190
13	190	190
14	190	190
15	190	191
16	190	190
17	190	191
18	190	191
19	190	190
20	190	190
21	190	191
22	190	191
23	190	190
24	190	190
25	190	190
26	190	190
27	190	190
28	190	191
29	190	191
30	190	190
31	190	190
32	190	190
33	190	190
34	190	190
35	190	190
36	190	190
37	190	191
38	190	191
39	190	190
40	190	190
41	190	190
42	190	190
43	190	191
44	190	190
45	190	190
46	190	191
47	190	190
48	190	191
49	190	191
50	190	190
51	190	191
52	190	191
53	190	190
54	190	190
55	190	191
56	190	191
57	190	190
58	190	190
59	190	190
60	190	190
61	190	190
62	190	191
63	190	190
64	190	191
65	190	190
66	190	191
67	190	191
68	190	191
69	190	190
70	190	190
71	190	190
72	190	190
73	190	190
74	190	191
75	190	190
76	190	190
77	190	190
78	190	190
79	190	190
80	190	190
81	190	191
82	190	190
83	190	190
84	190	190
85	190	190
86	190	191
87	190	191
88	190	190
89	190	191
90	190	191
91	190	191
92	190	190
93	190	190
94	190	190
95	190	190
96	190	190
97	190	190
98	190	191
99	190	190
100	190	190
101	190	190
102	190	190
103	190	191
104	190	190
105	190	191
106	190	190
107	190	190
108	190	190
109	190	190
110	190	190
111	190	190
112	190	190
113	190	191
114	190	190
115	190	190
116	190	190
117	190	190
118	190	190
119	190	191
120	190	190
121	190	190
122	190	190
123	190	190
124	190	190
125	190	190
126	190	191
127	190	190
128	189	191
129	190	190
130	190	191
131	190	191
132	190	191
133	190	190
134	190	190
135	190	190
136	190	190
137	190	191
138	190	191
139	190	191
140	190	190
141	190	191
142	190	191
143	190	190
144	190	190
145	190	190
146	190	190
147	190	190
148	190	191
149	190	190
150	190	190
151	190	190
152	190	190
153	190	190
154	190	190
155	190	191
156	190	190
157	190	190
158	190	191
159	190	190
160	190	191
161	190	190
162	190	190
163	190	190
164	190	190
165	190	191
166	190	190
167	190	190
168	190	190
169	190	191
170	190	191
171	190	191
172	189	190
173	190	190
174	190	191
175	190	191
176	190	190
177	190	190
178	190	191
179	190	190
180	190	191
181	190	191
182	190	190
183	190	190
184	190	190
185	190	191
186	190	190
187	190	190
188	190	190
189	190	191
190	190	191
191	190	191
192	190	191
193	190	190
194	190	191
195	190	190
196	190	190
197	190	190
198	190	190
199	190	190
200	190	191
201	190	190
202	190	190
203	190	190
204	190	190
205	190	191
206	190	191
207	190	191
208	190	191
209	190	190
210	190	190
211	190	190
212	190	190
213	190	191
214	190	191
215	190	190
216	190	190
217	190	190
218	190	191
219	190	190
220	190	191
221	190	190
222	190	190
223	190	191
224	190	191
225	190	190
226	190	191
227	190	191
228	190	191
229	190	190
230	190	190
231	190	191
232	190	191
233	190	190
234	190	190
235	190	190
236	190	190
237	190	190
238	190	190
239	190	191
240	190	191
241	190	190
242	190	191
243	190	190
244	190	190
245	190	191
246	190	191
247	190	189
248	190	190
249	190	191
250	190	191
251	190	190
252	190	190
253	190	190
254	190	190
255	190	190
256	190	191
257	190	190
258	190	190
259	190	190
260	190	190
261	190	190
262	190	190
263	190	190
264	190	191
265	190	191
266	190	190
267	190	191
268	190	191
269	190	191
270	190	191
271	190	190
272	190	190
273	190	190
274	190	190
275	190	191
276	190	190
277	190	191
278	190	191
279	190	190
280	190	190
281	190	191
282	190	190
283	190	190
284	190	190
285	190	191
286	190	191
287	190	190
288	190	190
289	190	190
290	190	190
291	190	190
292	190	190
293	190	190
294	190	190
295	190	190
296	190	190
297	190	191
298	190	190
299	190	190
300	190	190
301	190	191
302	190	190
303	190	190
304	190	191
305	190	190
306	190	190
307	190	190
308	190	190
309	190	190
310	190	191
311	190	190
312	190	191
313	190	191
314	190	190
315	190	191
316	190	191
317	190	190
318	190	190
319	190	190
320	190	191
321	190	190
322	190	191
323	190	190
324	190	190
325	190	190
326	190	191
327	190	191
328	190	191
329	190	191
330	190	190
331	190	190
332	189	190
333	190	190
334	190	190
335	190	191
336	190	190
337	190	190
338	190	190
339	190	190
340	190	191
341	190	190
342	190	190
343	190	191
344	190	190
345	190	190
346	189	190
347	190	190
348	190	190
349	190	191
350	190	191
351	190	190
352	190	191
353	190	191
354	190	191
355	190	190
356	190	191
357	190	190
358	190	190
359	190	190
360	190	190
361	190	191
362	190	190
363	190	190
364	190	190
365	190	191
366	190	191
367	190	191
368	190	191
369	190	191
370	190	190
371	190	190
372	190	191
373	190	191
374	190	191
375	190	191
376	190	190
377	190	190
378	186	86
379	170	86
380	157	85
381	147	85
382	137	85
383	129	85
384	122	84
385	116	85
386	112	85
387	108	85
388	105	85
389	101	85
390	99	85
391	97	85
392	95	85
393	94	85
394	92	85
395	91	85
396	91	85
397	90	86
398	89	85
399	89	85
400	89	86
401	88	86
402	88	86
403	87	86
404	87	86
405	87	86
406	87	86
407	87	86
408	86	86
409	86	86
410	87	86
411	86	86
412	86	86
413	86	86
414	86	86
415	87	86
416	86	86
417	86	86
418	86	86
419	86	86
420	86	86
421	86	86
422	86	86
423	86	86
424	86	86
425	86	86
426	86	86
427	86	86
428	86	86
429	86	86
430	86	86
431	86	86
432	86	86
433	86	86
434	86	86
435	86	86
436	86	86
437	86	86
438	86	86
439	86	86
440	86	86
441	86	86
442	86	86
443	86	86
444	86	86
445	86	86
446	86	86
447	86	86
448	86	86
449	86	86
450	86	86
451	86	86
452	86	86
453	86	86
454	86	86
455	86	86
456	86	86
457	86	86
458	86	86
459	86	86
460	86	86
461	86	86
462	86	86
463	86	86
464	86	86
465	86	86
466	86	86
467	86	86
468	86	86
469	86	86
470	86	86
471	86	86
472	86	86
473	86	86
474	86	86
475	86	86
476	86	86
477	86	86
478	86	86
479	86	86
480	86	86
481	86	86
482	86	86
483	86	85
484	86	86
485	86	86
486	86	86
487	86	86
488	86	86
489	86	86
490	86	86
491	86	86
492	86	86
493	86	86
494	86	86
495	86	86
496	86	86
497	86	86
498	86	86
499	86	86
500	86	86
501	86	86
502	86	87
503	86	86
504	86	86
505	86	86
506	86	86
507	86	86
508	86	85
509	86	86
510	86	86
511	86	86
512	86	86
513	86	86
514	86	86
515	86	86
516	86	86
517	86	86
518	86	86
519	86	86
520	86	86
521	86	85
522	86	86
523	86	86
524	86	86
525	86	86
526	86	86
527	86	86
528	86	86
529	86	86
530	86	86
531	86	86
532	86	86
533	85	85
534	86	86
535	86	86
536	86	86
537	86	86
538	86	86
539	86	86
540	86	86
541	86	86
542	87	86
543	86	86
544	86	86
545	86	86
546	87	86
547	86	86
548	86	86
549	86	86
550	86	86
551	86	86
552	86	86
553	86	86
554	86	86
555	86	86
556	86	86
557	86	86
558	86	86
559	86	86
560	86	86
561	86	86
562	86	86
563	86	86
564	86	86
565	86	86
566	86	86
567	86	86
568	86	86
569	86	86
570	86	85
571	86	86
572	86	86
573	86	86
574	86	86
575	86	86
576	86	86
577	86	86
578	86	86
579	86	86
580	86	86
581	86	86
582	87	86
583	86	86
584	86	86
585	86	86
586	86	86
587	86	86
588	86	86
589	86	86
590	86	86
591	86	86
592	86	86
593	86	86
594	86	86
595	86	86
596	86	86
597	86	86
598	86	86
599	86	86
600	86	86
601	86	86
602	87	86
603	86	86
604	86	86
605	86	86
606	86	86
607	86	86
608	86	86
609	86	86
610	86	86
611	86	86
612	86	86
613	86	86
614	86	86
615	86	86
616	86	86
617	86	86
618	86	86
619	86	86
620	86	85
621	86	86
622	86	86
623	86	86
624	86	86
625	86	86
626	86	86
627	86	86
628	86	86
629	86	86
630	86	86
631	86	86
632	86	86
633	86	86
634	86	86
635	86	86
636	86	86
637	86	86
638	86	86
639	86	86
640	86	86
641	86	85
642	86	86
643	86	86
644	86	86
645	86	86
646	86	86
647	86	87
648	86	86
649	86	86
650	86	86
651	86	86
652	86	86
653	86	86
654	86	86
655	86	86
656	86	86
657	86	86
658	86	85
659	86	86
660	86	86
661	86	86
662	86	86
663	86	86
664	87	86
665	86	86
666	86	86
667	86	86
668	86	86
669	86	86
670	86	86
671	86	86
672	86	86
673	86	86
674	86	86
675	86	86
676	86	86
677	86	86
678	86	86
679	86	86
680	86	86
681	86	86
682	86	86
683	86	86
684	86	86
685	86	86
686	86	86
687	86	86
688	86	86
689	86	86
690	86	86
691	86	86
692	86	86
693	86	86
694	87	86
695	86	86
696	86	86
697	86	86
698	86	86
699	86	86
700	86	86
701	86	86
702	86	86
703	86	86
704	86	86
705	86	86
706	86	86
707	86	86
708	86	86
709	86	86
710	86	86
711	86	86
712	86	86
713	86	86
714	86	86
715	86	86
716	86	87
717	86	86
718	86	86
719	86	86
720	86	85
721	86	86
722	86	86
723	86	86
724	86	86
725	86	86
726	86	86
727	86	86
728	86	86
729	86	86
730	86	86
731	86	86
732	86	86
733	86	86
734	86	86
735	86	86
736	86	86
737	86	86
738	86	86
739	86	86
740	86	86
741	86	86
742	86	86
743	86	86
744	86	86
745	86	85
746	86	86
747	86	86
748	86	86
749	86	86
750	86	86
751	86	86
752	86	86
753	86	86
754	86	86
755	86	86
756	86	86
757	86	86
758	86	86
759	86	86
760	86	86
761	86	86
762	86	86
763	86	86
764	86	86
765	86	86
766	86	86
767	86	86
768	86	86
769	86	86
770	86	86
771	86	86
772	86	86
773	86	86
774	86	86
775	86	86
776	86	86
777	86	86
778	86	86
779	86	86
780	86	86
781	86	86
782	86	86
783	86	86
784	86	86
785	86	86
786	86	86
787	86	86
788	86	86
789	86	86
790	86	86
791	86	86
792	86	86
793	86	86
794	86	86
795	86	85
796	86	86
797	86	86
798	86	86
799	86	86
800	86	86
801	86	86
802	86	86
803	86	86
804	86	86
805	86	86
806	86	86
807	86	86
808	86	86
809	86	86
810	86	86
811	86	86
812	86	86
813	86	86
814	86	86
815	86	86
816	86	86
817	86	86
818	86	86
819	86	86
820	86	86
821	86	86
822	86	86
823	86	86
824	86	86
825	86	86
826	86	86
827	86	86
828	86	86
829	86	86
830	86	86
831	86	86
832	86	86
833	86	86
834	86	86
835	86	86
836	86	86
837	86	86
838	86	86
839	86	86
840	86	86
841	86	86
842	86	86
843	86	86
844	86	86
845	86	86
846	86	86
847	86	86
848	86	86
849	86	86
850	86	86
851	86	86
852	86	86
853	86	86
854	86	86
855	86	86
856	86	86
857	86	86
858	86	86
859	86	86
860	86	86
861	86	86
862	86	86
863	86	86
864	86	86
865	86	86
866	86	86
867	86	86
868	86	86
869	86	86
870	86	86
871	86	86
872	86	86
873	86	86
874	86	85
875	86	86
876	85	86
877	86	86
878	86	86
879	86	86
880	86	86
881	86	86
882	86	85
883	86	86
884	86	86
885	86	86
886	86	86
887	86	86
888	86	86
889	86	86
890	86	86
891	86	86
892	86	86
893	86	86
894	86	85
895	86	86
896	86	86
897	86	86
898	85	86
899	86	86
900	86	86
901	86	86
902	86	86
903	86	86
904	86	86
905	86	86
906	86	86
907	86	86
908	86	86
909	86	86
910	86	86
911	86	86
912	86	86
913	86	87
914	86	86
915	86	86
916	86	86
917	86	86
918	86	86
919	86	86
920	86	86
921	86	86
922	86	86
923	86	86
924	86	86
925	86	86
926	86	86
927	86	86
928	86	86
929	86	86
930	86	86
931	86	86
932	86	85
933	86	86
934	86	86
935	86	86
936	86	86
937	86	86
938	86	86
939	86	86
940	86	86
941	86	86
942	87	86
943	86	86
944	86	86
945	86	86
946	86	86
947	86	86
948	86	86
949	86	86
950	86	86
951	86	86
952	86	86
953	86	86
954	86	86
955	86	86
956	86	86
957	86	86
958	86	86
959	86	86
960	86	86
961	86	86
962	86	86
963	86	86
964	86	86
965	86	86
966	86	86
967	87	86
968	86	86
969	86	86
970	86	86
971	86	86
972	86	86
973	86	86
974	86	86
975	86	86
976	86	86
977	86	86
978	86	86
979	86	86
980	87	86
981	86	86
982	86	86
983	86	86
984	86	86
985	86	86
986	86	86
987	86	86
988	86	86
989	86	86
990	86	86
991	86	86
992	86	86
993	86	85
994	86	86
995	86	86
996	86	86
997	86	86
998	86	86
999	86	86
1000	86	86
1001	86	86
1002	86	86
1003	90	190
1004	105	191
1005	119	191
1006	129	191
1007	140	191
1008	148	191
1009	154	191
1010	159	191
1011	164	191
1012	168	191
1013	172	192
1014	174	191
1015	177	191
1016	179	191
1017	181	191
1018	182	191
1019	183	191
1020	185	191
1021	185	191
1022	186	191
1023	187	191
1024	188	191
1025	187	191
1026	188	191
1027	188	191
1028	189	191
1029	189	191
1030	189	191
1031	189	190
1032	189	191
1033	189	190
1034	189	190
1035	190	191
1036	190	191
1037	189	191
1038	190	190
1039	190	191
1040	190	191
1041	189	190
1042	190	190
1043	190	190
1044	190	190
1045	190	191
1046	190	191
1047	190	191
1048	190	190
1049	190	190
1050	190	191
1051	190	191
1052	190	191
1053	190	191
1054	190	190
1055	190	190
1056	190	190
1057	190	190
1058	190	190
1059	190	190
1060	190	190
1061	190	190
1062	190	191
1063	190	191
1064	190	190
1065	190	191
1066	190	190
1067	190	191
1068	190	190
1069	189	190
1070	190	191
1071	190	190
1072	190	190
1073	190	190
1074	190	190
1075	190	190
1076	190	190
1077	190	191
1078	190	190
1079	190	191
1080	190	190
1081	190	191
1082	190	191
1083	190	190
1084	190	190
1085	190	190
1086	190	191
1087	190	190
1088	190	190
1089	190	190
1090	190	190
1091	190	190
1092	190	191
1093	190	190
1094	190	190
1095	190	190
1096	190	190
1097	190	190
1098	190	190
1099	190	190
1100	190	190
1101	190	190
1102	190	191
1103	190	191
1104	190	191
1105	190	190
1106	189	190
1107	190	190
1108	190	191
1109	190	190
1110	190	190
1111	190	191
1112	190	191
1113	190	191
1114	190	190
1115	190	190
1116	190	190
1117	190	190
1118	190	190
1119	190	191
1120	190	191
1121	190	190
1122	190	190
1123	190	190
1124	190	190
1125	190	190
1126	190	190
1127	190	191
1128	190	190
1129	190	190
1130	190	190
1131	190	190
1132	190	190
1133	190	190
1134	190	190
1135	189	191
1136	190	190
1137	190	190
1138	190	190
1139	190	190
1140	190	190
1141	190	190
1142	190	190
1143	190	190
1144	190	190
1145	190	190
1146	190	190
1147	190	190
1148	190	190
1149	190	190
1150	190	191
1151	190	190
1152	190	191
1153	190	190
1154	190	190
1155	190	191
1156	189	190
1157	190	190
1158	190	191
1159	190	191
1160	190	190
1161	190	190
1162	190	190
1163	190	190
1164	190	191
1165	190	191
1166	190	191
1167	190	190
1168	189	190
1169	190	190
1170	190	190
1171	190	190
1172	190	190
1173	190	190
1174	190	190
1175	190	190
1176	190	191
1177	190	190
1178	189	190
1179	190	190
1180	190	190
1181	190	190
1182	190	191
1183	190	191
1184	190	190
1185	190	191
1186	190	191
1187	190	191
1188	190	190
1189	190	190
1190	190	191
1191	190	190
1192	190	190
1193	190	190
1194	190	190
1195	190	190
1196	190	191
1197	190	190
1198	190	191
1199	190	190
1200	190	190
1201	190	190
1202	190	190
1203	190	190
1204	190	190
1205	190	191
1206	190	190
1207	190	191
1208	190	190
1209	190	191
1210	190	190
1211	190	191
1212	190	190
1213	190	190
1214	190	190
1215	190	191
1216	190	190
1217	190	190
1218	190	190
1219	190	190
1220	190	190
1221	190	191
1222	190	190
1223	190	191
1224	190	190
1225	190	191
1226	190	190
1227	190	190
1228	190	190
1229	190	191
1230	190	191
1231	190	190
1232	190	190
1233	190	190
1234	190	191
1235	190	190
1236	190	190
1237	190	190
1238	190	190
1239	190	190
1240	190	190
1241	190	190
1242	190	190
1243	189	190
1244	190	191
1245	190	191
1246	190	190
1247	190	190
1248	190	191
1249	190	190
1250	190	190
1251	190	191
1252	190	190
1253	190	190
1254	189	191
1255	190	191
1256	191	191
1257	190	190
1258	189	190
1259	190	191
1260	189	191
1261	190	190
1262	190	190
1263	190	190
1264	190	191
1265	190	190
1266	190	190
1267	190	190
1268	189	190
1269	190	190
1270	190	191
1271	190	190
1272	190	190
1273	189	190
1274	190	190
1275	190	191
1276	190	190
1277	190	191
1278	190	191
1279	190	190
1280	190	190
1281	190	190
1282	190	190
1283	190	190
1284	190	190
1285	190	190
1286	190	190
1287	190	190
1288	190	191
1289	190	191
1290	190	190
1291	190	190
1292	190	190
1293	190	190
1294	191	190
1295	190	190
1296	190	190
1297	190	190
1298	190	190
1299	190	190
1300	190	190
1301	190	190
1302	190	191
1303	190	190
1304	190	190
1305	190	190
1306	190	190
1307	190	191
1308	190	191
1309	190	190
1310	190	191
1311	190	190
1312	190	191
1313	190	190
1314	190	190
1315	190	190
1316	190	191
1317	190	191
1318	190	190
1319	190	190
1320	190	190
1321	190	190
1322	190	190
1323	190	191
1324	190	191
1325	190	191
1326	190	191
1327	190	190
1328	190	190
1329	190	190
1330	190	190
1331	190	190
1332	190	190
1333	190	191
1334	190	191
1335	190	191
1336	190	190
1337	190	191
1338	190	190
1339	190	191
1340	190	190
1341	190	191
1342	190	190
1343	189	189
1344	190	191
1345	190	190
1346	190	190
1347	190	190
1348	190	191
1349	190	190
1350	190	190
1351	190	190
1352	190	191
1353	190	190
1354	190	191
1355	190	190
1356	190	191
1357	190	190
1358	190	190
1359	190	190
1360	190	191
1361	190	190
1362	190	190
1363	190	190
1364	190	190
1365	190	191
1366	190	191
1367	190	190
1368	190	190
1369	190	190
1370	190	191
1371	190	190
1372	190	190
1373	190	190
1374	190	190
1375	190	191
1376	190	190
1377	190	190
1378	190	190
1379	190	191
1380	190	190
1381	190	190
1382	190	190
1383	190	191
1384	190	190
1385	190	190
1386	190	190
1387	190	190
1388	190	191
1389	190	191
1390	190	191
1391	190	190
1392	190	190
1393	190	190
1394	190	190
1395	190	190
1396	190	190
1397	190	190
1398	190	191
1399	189	190
1400	190	190
1401	190	191
1402	190	190
1403	190	191
1404	190	190
1405	190	190
1406	190	191
1407	190	190
1408	190	190
1409	190	190
1410	190	190
1411	190	190
1412	190	190
1413	190	190
1414	190	190
1415	190	190
1416	190	190
1417	190	191
1418	190	190
1419	190	190
1420	190	190
1421	190	190
1422	190	190
1423	190	191
1424	190	190
1425	190	191
1426	190	190
1427	190	190
1428	190	190
1429	190	191
1430	190	190
1431	190	191
1432	190	190
1433	190	190
1434	190	190
1435	190	190
1436	190	190
1437	190	190
1438	190	190
1439	190	190
1440	190	191
1441	190	191
1442	190	190
1443	190	190
1444	190	190
1445	190	191
1446	190	190
1447	190	190
1448	190	191
1449	190	190
1450	190	190
1451	190	190
1452	190	190
1453	190	190
1454	190	191
1455	190	191
1456	189	191
1457	190	190
1458	190	190
1459	190	190
1460	190	190
1461	190	191
1462	190	191
1463	190	190
1464	190	190
1465	190	190
1466	190	190
1467	190	190
1468	190	190
1469	190	191
1470	190	190
1471	190	190
1472	190	190
1473	190	191
1474	190	190
1475	190	190
1476	190	190
1477	190	191
1478	190	190
1479	190	191
1480	190	190
1481	190	190
1482	189	190
1483	190	190
1484	190	190
1485	190	190
1486	190	190
1487	190	190
1488	190	191
1489	190	191
1490	190	191
1491	190	191
1492	189	190
1493	190	191
1494	190	190
1495	190	191
1496	190	191
1497	190	190
1498	190	191
1499	190	190
1500	190	190
1501	190	190
1502	189	190
1503	190	190
1504	190	190
1505	190	190
1506	190	190
1507	190	191
1508	190	190
1509	190	191
1510	190	190
1511	190	191
1512	190	190
1513	190	190
1514	190	190
1515	190	190
1516	190	190
1517	190	190
1518	190	191
1519	190	190
1520	190	191
1521	190	190
1522	190	190
1523	190	190
1524	190	190
1525	190	190
1526	190	190
1527	190	190
1528	190	190
1529	190	190
1530	190	190
1531	190	190
1532	190	190
1533	190	190
1534	190	190
1535	189	190
1536	190	191
1537	190	190
1538	190	190
1539	190	190
1540	190	190
1541	190	190
1542	190	190
1543	190	191
1544	190	190
1545	190	190
1546	190	190
1547	190	190
1548	190	191
1549	190	190
1550	190	190
1551	190	190
1552	190	190
1553	190	190
1554	190	190
1555	190	190
1556	190	190
1557	190	190
1558	190	190
1559	190	190
1560	190	190
1561	190	190
1562	190	191
1563	190	191
1564	190	190
1565	190	191
1566	190	190
1567	190	190
1568	190	190
1569	190	190
1570	190	191
1571	190	190
1572	190	190
1573	190	191
1574	190	190
1575	190	191
1576	190	191
1577	190	190
1578	190	190
1579	189	190
1580	190	190
1581	190	190
1582	190	190
1583	190	190
1584	190	190
1585	190	191
1586	190	190
1587	190	190
1588	190	190
1589	190	191
1590	190	190
1591	190	190
1592	190	190
1593	190	191
1594	190	190
1595	190	190
1596	190	190
1597	190	190
1598	190	191
1599	190	190
1600	190	190
1601	190	190
1602	190	190
1603	190	190
1604	190	190
1605	190	191
1606	190	190
1607	190	191
1608	190	190
1609	190	191
1610	190	190
1611	190	190
1612	190	191
1613	190	190
1614	190	190
1615	189	190
1616	190	190
1617	190	189
1618	190	190
1619	190	190
1620	190	191
1621	190	191
1622	190	190
1623	190	190
1624	190	191
1625	190	191
1626	190	190
1627	190	191
1628	186	86
1629	170	85
1630	157	85
1631	147	85
1632	137	85
1633	129	85
1634	122	85
1635	116	85
1636	111	85
1637	108	85
1638	104	85
1639	101	85
1640	99	85
1641	97	85
1642	95	85
1643	94	85
1644	92	85
1645	91	85
1646	91	85
1647	90	86
1648	89	86
1649	89	86
1650	89	86
1651	88	86
1652	88	86
1653	88	85
1654	87	85
1655	87	86
1656	87	86
1657	87	86
1658	86	86
1659	86	86
1660	86	86
1661	86	85
1662	86	86
1663	86	86
1664	86	86
1665	86	86
1666	86	86
1667	86	86
1668	86	86
1669	86	86
1670	86	86
1671	86	86
1672	86	86
1673	86	86
1674	86	86
1675	86	86
1676	86	86
1677	86	86
1678	86	86
1679	86	86
1680	86	86
1681	86	86
1682	86	86
1683	86	86
1684	86	86
1685	86	86
1686	86	86
1687	86	86
1688	86	86
1689	86	86
1690	86	86
1691	86	86
1692	86	86
1693	86	86
1694	86	86
1695	86	86
1696	86	86
1697	86	86
1698	86	86
1699	86	86
1700	86	86
1701	86	86
1702	86	86
1703	86	86
1704	86	85
1705	86	86
1706	86	86
1707	86	86
1708	86	86
1709	86	86
1710	86	86
1711	86	86
1712	86	86
1713	86	86
1714	86	86
1715	86	86
1716	86	86
1717	86	86
1718	86	86
1719	86	86
1720	86	86
1721	86	86
1722	86	86
1723	86	86
1724	86	86
1725	86	86
1726	86	86
1727	86	86
1728	86	86
1729	86	85
1730	86	86
1731	86	86
1732	86	86
1733	86	86
1734	86	86
1735	86	87
1736	86	86
1737	86	86
1738	85	86
1739	86	86
1740	86	86
1741	86	86
1742	86	86
1743	85	86
1744	86	86
1745	86	86
1746	86	86
1747	86	86
1748	86	86
1749	86	86
1750	86	86
1751	86	86
1752	86	86
1753	86	86
1754	86	85
1755	86	86
1756	86	86
1757	86	86
1758	86	86
1759	86	86
1760	86	86
1761	86	86
1762	86	86
1763	86	86
1764	86	86
1765	86	86
1766	86	86
1767	86	86
1768	86	86
1769	86	86
1770	86	86
1771	86	86
1772	86	86
1773	86	86
1774	86	86
1775	86	86
1776	86	86
1777	86	86
1778	86	86
1779	86	86
1780	86	86
1781	86	86
1782	86	86
1783	86	86
1784	86	86
1785	86	86
1786	86	86
1787	86	86
1788	86	86
1789	86	86
1790	86	86
1791	86	86
1792	86	86
1793	86	86
1794	86	86
1795	86	86
1796	86	86
1797	85	86
1798	86	86
1799	86	86
1800	86	86
1801	86	86
1802	86	86
1803	86	86
1804	86	86
1805	86	86
1806	86	86
1807	86	86
1808	86	86
1809	86	86
1810	86	86
1811	86	86
1812	86	86
1813	86	86
1814	86	86
1815	86	86
1816	86	86
1817	86	86
1818	86	86
1819	86	86
1820	86	86
1821	86	86
1822	86	86
1823	86	86
1824	86	86
1825	86	86
1826	86	86
1827	86	86
1828	86	86
1829	86	86
1830	86	86
1831	86	86
1832	86	86
1833	86	86
1834	86	86
1835	86	86
1836	86	86
1837	86	86
1838	86	86
1839	86	86
1840	86	86
1841	86	85
1842	86	86
1843	86	86
1844	86	86
1845	86	86
1846	86	86
1847	86	86
1848	86	86
1849	86	86
1850	86	86
1851	86	86
1852	86	86
1853	86	86
1854	86	86
1855	86	86
1856	86	86
1857	86	86
1858	86	86
1859	86	86
1860	86	86
1861	86	86
1862	86	86
1863	86	86
1864	86	86
1865	86	86
1866	86	86
1867	86	86
1868	86	86
1869	86	86
1870	86	86
1871	86	86
1872	86	87
1873	86	86
1874	86	86
1875	86	86
1876	86	86
1877	86	86
1878	86	85
1879	86	86
1880	86	86
1881	86	86
1882	86	86
1883	86	86
1884	86	86
1885	86	86
1886	86	86
1887	86	86
1888	86	86
1889	86	86
1890	86	86
1891	85	85
1892	86	86
1893	86	86
1894	86	86
1895	86	86
1896	86	86
1897	86	86
1898	86	86
1899	86	86
1900	86	86
1901	86	86
1902	86	86
1903	86	86
1904	86	86
1905	86	86
1906	86	86
1907	86	86
1908	86	86
1909	86	86
1910	86	86
1911	86	86
1912	86	86
1913	86	86
1914	86	86
1915	86	86
1916	86	86
1917	86	86
1918	86	86
1919	86	86
1920	86	86
1921	86	86
1922	86	86
1923	86	86
1924	86	86
1925	86	86
1926	87	86
1927	86	86
1928	86	85
1929	86	86
1930	86	86
1931	86	86
1932	86	86
1933	86	86
1934	86	86
1935	86	86
1936	86	86
1937	86	86
1938	86	86
1939	86	86
1940	86	86
1941	86	86
1942	86	86
1943	86	86
1944	86	86
1945	86	86
1946	86	86
1947	86	86
1948	86	86
1949	86	86
1950	86	86
1951	86	86
1952	86	86
1953	86	85
1954	86	86
1955	86	86
1956	86	86
1957	86	86
1958	86	86
1959	86	86
1960	86	86
1961	86	86
1962	86	86
1963	86	86
1964	86	86
1965	86	86
1966	86	86
1967	86	86
1968	86	86
1969	86	86
1970	86	86
1971	85	86
1972	86	86
1973	86	86
1974	86	86
1975	86	86
1976	86	86
1977	86	86
1978	86	85
1979	86	86
1980	86	86
1981	86	86
1982	86	86
1983	86	86
1984	86	86
1985	86	86
1986	86	86
1987	86	86
1988	86	86
1989	86	86
1990	86	86
1991	86	86
1992	86	86
1993	86	86
1994	86	86
1995	86	86
1996	86	86
1997	86	86
1998	86	86
1999	86	86
2000	86	86
2001	86	86
2002	86	86
2003	86	86
2004	86	86
2005	86	86
2006	86	86
2007	86	87
2008	86	86
2009	86	86
2010	86	86
2011	86	86
2012	86	86
2013	86	87
2014	86	86
2015	86	86
2016	86	86
2017	86	86
2018	86	86
2019	86	86
2020	86	86
2021	86	86
2022	86	86
2023	86	86
2024	86	86
2025	86	86
2026	86	86
2027	86	86
2028	86	85
2029	86	86
2030	87	86
2031	86	86
2032	86	86
2033	86	86
2034	86	86
2035	86	86
2036	86	86
2037	86	86
2038	86	86
2039	86	86
2040	86	85
2041	86	86
2042	86	86
2043	86	86
2044	86	86
2045	86	86
2046	86	86
2047	86	86
2048	86	86
2049	86	86
2050	86	85
2051	86	86
2052	86	86
2053	86	86
2054	86	86
2055	86	86
2056	86	86
2057	86	86
2058	86	86
2059	86	86
2060	86	86
2061	86	86
2062	86	86
2063	86	86
2064	86	86
2065	85	85
2066	86	86
2067	86	86
2068	86	86
2069	86	86
2070	86	86
2071	86	86
2072	86	86
2073	86	86
2074	86	86
2075	86	86
2076	86	86
2077	86	86
2078	86	86
2079	86	86
2080	86	86
2081	86	86
2082	86	86
2083	86	86
2084	86	86
2085	86	87
2086	86	86
2087	86	86
2088	86	86
2089	86	86
2090	86	86
2091	86	86
2092	86	86
2093	86	86
2094	86	86
2095	86	86
2096	86	86
2097	86	86
2098	86	86
2099	86	86
2100	86	86
2101	86	86
2102	86	86
2103	86	86
2104	86	86
2105	86	87
2106	86	86
2107	86	86
2108	86	86
2109	86	86
2110	86	86
2111	86	86
2112	86	86
2113	85	86
2114	86	86
2115	86	86
2116	86	86
2117	86	86
2118	86	86
2119	86	86
2120	86	86
2121	86	86
2122	86	86
2123	86	86
2124	86	86
2125	86	86
2126	86	86
2127	86	85
2128	86	86
2129	86	86
2130	86	86
2131	86	86
2132	86	86
2133	86	86
2134	86	86
2135	86	86
2136	86	86
2137	86	86
2138	86	86
2139	86	86
2140	86	86
2141	86	86
2142	86	86
2143	87	86
2144	86	86
2145	86	86
2146	86	86
2147	86	86
2148	86	86
2149	86	86
2150	86	86
2151	86	86
2152	86	86
2153	86	86
2154	86	86
2155	86	86
2156	86	86
2157	86	86
2158	87	86
2159	86	86
2160	86	86
2161	86	86
2162	86	86
2163	86	86
2164	86	86
2165	86	86
2166	86	86
2167	86	86
2168	87	86
2169	86	86
2170	86	86
2171	86	86
2172	86	86
2173	86	86
2174	86	86
2175	86	87
2176	86	86
2177	86	85
2178	86	86
2179	86	86
2180	86	86
2181	86	86
2182	86	86
2183	86	86
2184	86	86
2185	86	86
2186	86	86
2187	86	86
2188	86	86
2189	86	86
2190	86	86
2191	86	86
2192	86	86
2193	86	86
2194	86	86
2195	86	86
2196	86	86
2197	86	86
2198	86	86
2199	87	86
2200	86	86
2201	86	86
2202	86	86
2203	86	86
2204	86	86
2205	86	86
2206	86	86
2207	86	86
2208	86	86
2209	86	86
2210	86	86
2211	86	86
2212	86	86
2213	86	86
2214	86	86
2215	86	86
2216	86	86
2217	86	86
2218	86	86
2219	86	86
2220	86	86
2221	86	86
2222	86	86
2223	86	86
2224	86	86
2225	86	86
2226	86	86
2227	86	86
2228	86	86
2229	86	86
2230	86	86
2231	86	86
2232	86	86
2233	86	86
2234	86	86
2235	86	86
2236	86	86
2237	86	86
2238	86	86
2239	86	86
2240	86	86
2241	86	86
2242	86	86
2243	86	86
2244	86	86
2245	86	86
2246	86	86
2247	86	86
2248	86	86
2249	86	86
2250	86	86
2251	86	86
2252	86	86
2253	90	191
2254	105	191
2255	119	191
2256	129	191
2257	139	191
2258	147	191
2259	153	191
2260	159	191
2261	164	191
2262	169	191
2263	172	191
2264	174	191
2265	177	191
2266	179	191
2267	181	191
2268	182	191
2269	183	191
2270	185	191
2271	185	191
2272	186	190
2273	187	191
2274	187	191
2275	188	190
2276	188	191
2277	188	191
2278	188	191
2279	189	191
2280	189	191
2281	189	191
2282	189	191
2283	189	191
2284	189	191
2285	189	191
2286	190	191
2287	190	191
2288	190	191
2289	190	191
2290	190	190
2291	190	190
2292	190	190
2293	190	191
2294	190	191
2295	190	190
2296	190	190
2297	190	190
2298	190	190
2299	190	190
2300	190	191
2301	190	190
2302	189	189
2303	190	191
2304	190	190
2305	190	190
2306	190	190
2307	190	190
2308	190	190
2309	190	191
2310	190	190
2311	190	190
2312	190	191
2313	190	191
2314	190	190
2315	190	190
2316	190	191
2317	190	190
2318	190	191
2319	190	190
2320	190	191
2321	190	190
2322	190	191
2323	190	191
2324	190	190
2325	190	191
2326	190	190
2327	190	190
2328	190	190
2329	190	190
2330	190	190
2331	190	190
2332	190	190
2333	190	191
2334	190	190
2335	190	191
2336	189	190
2337	190	191
2338	189	190
2339	190	190
2340	190	190
2341	190	191
2342	190	190
2343	190	190
2344	190	190
2345	190	191
2346	190	190
2347	190	190
2348	190	191
2349	190	190
2350	190	190
2351	190	190
2352	190	190
2353	190	190
2354	190	190
2355	190	191
2356	190	190
2357	190	190
2358	190	190
2359	190	191
2360	190	190
2361	190	190
2362	190	190
2363	190	190
2364	190	190
2365	190	190
2366	190	190
2367	190	190
2368	190	191
2369	190	190
2370	190	190
2371	190	190
2372	190	190
2373	190	190
2374	190	191
2375	190	190
2376	190	190
2377	190	190
2378	190	191
2379	190	190
2380	190	190
2381	190	191
2382	190	191
2383	190	191
2384	190	190
2385	190	190
2386	190	190
2387	190	190
2388	190	190
2389	190	190
2390	190	190
2391	190	190
2392	190	190
2393	190	191
2394	190	190
2395	190	190
2396	190	190
2397	190	190
2398	190	191
2399	190	191
2400	190	190
2401	190	190
2402	190	190
2403	190	190
2404	190	191
2405	190	190
2406	190	190
2407	190	190
2408	190	190
2409	190	190
2410	190	190
2411	190	191
2412	190	191
2413	190	190
2414	190	190
2415	190	190
2416	190	191
2417	190	190
2418	190	190
2419	190	190
2420	190	191
2421	190	190
2422	190	190
2423	190	190
2424	190	191
2425	190	190
2426	190	190
2427	190	190
2428	190	191
2429	190	190
2430	190	191
2431	190	190
2432	190	191
2433	190	191
2434	190	190
2435	190	191
2436	190	190
2437	190	190
2438	190	191
2439	190	190
2440	190	190
2441	190	191
2442	190	190
2443	190	190
2444	190	190
2445	190	191
2446	190	190
2447	190	190
2448	190	191
2449	190	190
2450	190	190
2451	190	190
2452	190	190
2453	190	191
2454	190	190
2455	190	191
2456	190	190
2457	190	190
2458	190	191
2459	190	190
2460	190	191
2461	190	190
2462	190	191
2463	190	190
2464	189	190
2465	190	190
2466	190	190
2467	190	190
2468	190	190
2469	190	190
2470	190	190
2471	190	190
2472	190	190
2473	190	190
2474	190	190
2475	190	191
2476	190	190
2477	190	191
2478	190	190
2479	190	190
2480	190	190
2481	190	190
2482	190	190
2483	189	191
2484	189	191
2485	190	190
2486	190	190
2487	190	190
2488	190	190
2489	190	191
2490	190	191
2491	190	191
2492	190	190
2493	190	190
2494	190	191
2495	190	190
2496	190	190
2497	190	190
2498	190	190
2499	190	190
2500	190	190
2501	190	190
2502	190	190
2503	190	190
2504	190	191
2505	190	191
2506	190	190
2507	190	190
2508	190	190
2509	190	191
2510	190	190
2511	190	190
2512	190	190
2513	190	190
2514	190	190
2515	190	190
2516	190	191
2517	190	191
2518	190	191
2519	190	190
2520	190	190
2521	190	191
2522	190	190
2523	190	190
2524	190	190
2525	190	191
2526	190	190
2527	190	190
2528	190	191
2529	190	190
2530	190	191
2531	190	190
2532	190	190
2533	190	191
2534	190	190
2535	190	191
2536	191	190
2537	190	191
2538	190	190
2539	190	190
2540	189	190
2541	190	191
2542	190	190
2543	190	191
2544	190	190
2545	190	190
2546	190	190
2547	190	190
2548	190	190
2549	190	190
2550	190	190
2551	190	190
2552	190	190
2553	190	190
2554	190	190
2555	190	190
2556	190	190
2557	190	191
2558	190	190
2559	190	190
2560	190	190
2561	190	190
2562	190	190
2563	190	190
2564	190	190
2565	190	190
2566	190	190
2567	190	191
2568	190	190
2569	190	191
2570	190	190
2571	190	190
2572	190	190
2573	190	190
2574	190	190
2575	190	190
2576	190	189
2577	190	191
2578	190	190
2579	190	190
2580	190	190
2581	190	190
2582	190	190
2583	190	191
2584	190	190
2585	190	190
2586	190	190
2587	190	190
2588	190	190
2589	190	190
2590	190	191
2591	190	190
2592	190	191
2593	190	190
2594	190	190
2595	190	190
2596	190	190
2597	190	190
2598	190	190
2599	190	190
2600	190	190
2601	190	191
2602	190	191
2603	190	190
2604	190	191
2605	190	190
2606	190	190
2607	190	191
2608	190	190
2609	190	190
2610	190	190
2611	190	190
2612	190	190
2613	189	190
2614	190	190
2615	190	191
2616	190	190
2617	190	191
2618	190	190
2619	190	190
2620	190	190
2621	190	191
2622	190	191
2623	190	190
2624	190	191
2625	189	190
2626	190	190
2627	190	190
2628	190	191
2629	190	191
2630	190	190
2631	190	190
2632	190	190
2633	190	190
2634	190	191
2635	190	190
2636	190	190
2637	190	191
2638	190	190
2639	190	191
2640	190	190
2641	190	191
2642	190	190
2643	190	191
2644	190	191
2645	190	191
2646	190	190
2647	190	191
2648	190	190
2649	190	191
2650	190	190
2651	190	190
2652	190	191
2653	190	190
2654	190	191
2655	190	190
2656	190	191
2657	190	190
2658	190	190
2659	190	190
2660	190	190
2661	190	190
2662	190	190
2663	190	190
2664	190	190
2665	190	190
2666	190	191
2667	190	190
2668	190	191
2669	190	190
2670	190	190
2671	190	190
2672	190	191
2673	190	190
2674	190	190
2675	190	190
2676	190	190
2677	190	190
2678	190	191
2679	190	190
2680	190	191
2681	190	190
2682	190	191
2683	190	190
2684	190	190
2685	190	190
2686	190	191
2687	190	190
2688	190	190
2689	190	190
2690	190	190
2691	190	190
2692	190	190
2693	190	190
2694	190	191
2695	190	191
2696	190	190
2697	190	190
2698	190	191
2699	190	190
2700	190	190
2701	190	191
2702	190	190
2703	190	191
2704	190	191
2705	190	190
2706	190	191
2707	190	190
2708	190	190
2709	190	190
2710	190	190
2711	190	190
2712	190	191
2713	189	189
2714	190	191
2715	190	190
2716	190	190
2717	190	191
2718	190	191
2719	190	190
2720	190	190
2721	190	191
2722	190	190
2723	190	190
2724	190	191
2725	189	190
2726	190	190
2727	190	191
2728	190	190
2729	190	191
2730	190	190
2731	190	191
2732	190	191
2733	190	190
2734	190	190
2735	190	190
2736	190	191
2737	190	191
2738	190	190
2739	190	190
2740	190	190
2741	190	191
2742	190	191
2743	190	191
2744	190	191
2745	190	191
2746	190	190
2747	190	190
2748	190	191
2749	190	190
2750	190	190
2751	190	190
2752	190	190
2753	190	190
2754	190	190
2755	190	190
2756	190	190
2757	190	191
2758	190	190
2759	190	190
2760	190	190
2761	190	191
2762	190	190
2763	190	190
2764	190	191
2765	190	190
2766	190	191
2767	190	190
2768	189	191
2769	190	190
2770	190	190
2771	190	191
2772	190	190
2773	190	191
2774	190	191
2775	190	190
2776	190	190
2777	190	190
2778	190	190
2779	190	190
2780	190	190
2781	190	190
2782	190	191
2783	190	190
2784	190	190
2785	190	190
2786	190	190
2787	190	190
2788	190	190
2789	190	191
2790	190	190
2791	190	191
2792	190	191
2793	190	190
2794	190	191
2795	190	191
2796	190	190
2797	190	190
2798	190	190
2799	190	191
2800	190	190
2801	190	190
2802	190	190
2803	190	190
2804	190	190
2805	190	191
2806	190	190
2807	190	190
2808	190	190
2809	190	191
2810	190	190
2811	190	190
2812	190	190
2813	190	190
2814	190	191
2815	190	191
2816	190	190
2817	190	191
2818	190	190
2819	190	191
2820	190	191
2821	190	191
2822	190	190
2823	190	190
2824	190	190
2825	190	190
2826	190	190
2827	190	191
2828	190	191
2829	190	190
2830	190	191
2831	190	191
2832	190	190
2833	190	190
2834	190	191
2835	190	191
2836	190	191
2837	190	190
2838	190	190
2839	190	191
2840	190	190
2841	190	190
2842	190	190
2843	190	191
2844	190	190
2845	190	190
2846	190	190
2847	190	190
2848	190	191
2849	190	190
2850	190	190
2851	189	190
2852	190	190
2853	190	191
2854	190	191
2855	190	191
2856	190	191
2857	190	190
2858	190	190
2859	190	190
2860	190	191
2861	190	190
2862	190	190
2863	190	191
2864	190	191
2865	190	190
2866	190	190
2867	190	190
2868	190	190
2869	190	191
2870	190	191
2871	190	191
2872	190	190
2873	190	191
2874	190	190
2875	190	190
2876	190	190
2877	190	190
2878	186	86
2879	170	85
2880	157	85
2881	146	85
2882	137	85
2883	129	84
2884	122	85
2885	116	85
2886	112	85
2887	107	85
2888	104	85
2889	101	85
2890	99	85
2891	97	85
2892	95	85
2893	94	85
2894	92	86
2895	91	85
2896	91	85
2897	90	85
2898	89	86
2899	89	86
2900	88	86
2901	88	86
2902	87	86
2903	87	86
2904	87	86
2905	87	86
2906	87	85
2907	87	86
2908	86	86
2909	86	86
2910	87	86
2911	86	86
2912	86	85
2913	86	86
2914	86	86
2915	86	86
2916	86	86
2917	86	86
2918	86	86
2919	86	86
2920	86	86
2921	86	86
2922	86	86
2923	86	86
2924	86	86
2925	86	86
2926	86	86
2927	86	86
2928	86	86
2929	86	86
2930	86	86
2931	86	86
2932	86	86
2933	86	86
2934	86	86
2935	86	86
2936	86	86
2937	86	85
2938	86	86
2939	86	87
2940	86	86
2941	86	86
2942	86	86
2943	86	86
2944	86	86
2945	86	86
2946	86	86
2947	86	86
2948	85	86
2949	86	85
2950	86	86
2951	86	86
2952	86	86
2953	86	86
2954	86	86
2955	86	86
2956	86	86
2957	86	86
2958	86	86
2959	86	86
2960	86	86
2961	86	86
2962	86	85
2963	86	86
2964	86	86
2965	86	86
2966	86	86
2967	86	86
2968	86	86
2969	86	86
2970	86	86
2971	86	86
2972	86	86
2973	86	86
2974	86	86
2975	86	86
2976	86	86
2977	86	86
2978	86	86
2979	86	86
2980	87	86
2981	86	86
2982	86	86
2983	86	86
2984	86	86
2985	86	86
2986	86	86
2987	86	85
2988	86	86
2989	86	86
2990	86	86
2991	86	86
2992	86	86
2993	86	86
2994	86	86
2995	86	86
2996	86	86
2997	86	86
2998	86	86
2999	86	86
3000	86	86
3001	86	86
3002	86	86
3003	86	86
3004	86	86
3005	85	86
3006	86	86
3007	86	86
3008	86	86
3009	86	86
3010	86	86
3011	86	86
3012	86	86
3013	86	86
3014	86	86
3015	86	86
3016	87	86
3017	86	86
3018	86	86
3019	86	86
3020	86	86
3021	86	86
3022	86	86
3023	86	86
3024	86	86
3025	86	86
3026	86	86
3027	86	86
3028	86	86
3029	86	86
3030	86	86
3031	86	86
3032	86	86
3033	86	86
3034	86	86
3035	86	86
3036	85	86
3037	86	86
3038	86	86
3039	86	86
3040	86	86
3041	86	86
3042	86	86
3043	86	86
3044	86	86
3045	86	86
3046	86	86
3047	86	86
3048	86	86
3049	86	86
3050	86	86
3051	86	86
3052	86	86
3053	86	86
3054	86	86
3055	86	86
3056	86	86
3057	86	86
3058	86	86
3059	86	86
3060	86	86
3061	86	86
3062	86	86
3063	86	86
3064	86	86
3065	86	86
3066	86	86
3067	86	86
3068	86	86
3069	86	86
3070	86	86
3071	86	86
3072	86	86
3073	86	86
3074	86	85
3075	86	86
3076	86	86
3077	86	86
3078	86	86
3079	86	86
3080	86	86
3081	86	86
3082	86	86
3083	86	86
3084	86	86
3085	86	86
3086	86	86
3087	86	86
3088	86	86
3089	86	86
3090	86	86
3091	86	86
3092	86	86
3093	86	86
3094	86	86
3095	86	86
3096	86	86
3097	86	86
3098	86	86
3099	86	86
3100	86	86
3101	86	86
3102	86	86
3103	86	86
3104	86	86
3105	86	86
3106	86	86
3107	86	86
3108	86	86
3109	86	86
3110	86	87
3111	86	85
3112	86	86
3113	86	86
3114	86	86
3115	86	86
3116	86	86
3117	86	86
3118	86	86
3119	86	86
3120	86	86
3121	86	86
3122	86	86
3123	86	86
3124	86	85
3125	86	86
3126	86	86
3127	86	86
3128	87	86
3129	86	86
3130	86	86
3131	86	86
3132	86	86
3133	86	86
3134	86	86
3135	86	86
3136	86	86
3137	86	86
3138	86	86
3139	86	86
3140	86	86
3141	86	86
3142	86	86
3143	86	86
3144	86	86
3145	86	86
3146	86	86
3147	86	86
3148	86	86
3149	86	86
3150	86	86
3151	86	86
3152	86	87
3153	87	86
3154	86	86
3155	86	86
3156	86	86
3157	86	86
3158	86	86
3159	86	87
3160	86	86
3161	85	85
3162	86	86
3163	86	86
3164	86	86
3165	86	86
3166	86	86
3167	86	86
3168	86	86
3169	86	86
3170	86	86
3171	86	86
3172	86	86
3173	86	86
3174	86	86
3175	86	86
3176	86	86
3177	86	86
3178	86	86
3179	86	86
3180	86	86
3181	86	86
3182	86	86
3183	86	86
3184	86	86
3185	86	86
3186	86	86
3187	86	86
3188	86	86
3189	86	86
3190	87	86
3191	86	86
3192	86	86
3193	86	86
3194	86	86
3195	86	86
3196	86	86
3197	86	86
3198	86	86
3199	86	86
3200	86	86
3201	86	86
3202	86	86
3203	86	86
3204	86	86
3205	86	86
3206	86	86
3207	86	86
3208	86	86
3209	86	86
3210	86	86
3211	86	86
3212	86	86
3213	86	86
3214	86	87
3215	86	86
3216	86	86
3217	86	86
3218	86	86
3219	86	86
3220	86	86
3221	86	86
3222	86	86
3223	86	86
3224	86	86
3225	86	86
3226	86	86
3227	86	86
3228	86	86
3229	86	86
3230	86	86
3231	86	86
3232	86	86
3233	86	86
3234	86	86
3235	86	86
3236	86	86
3237	86	86
3238	86	86
3239	86	86
3240	86	86
3241	86	86
3242	86	86
3243	86	86
3244	86	86
3245	86	86
3246	86	86
3247	86	86
3248	86	85
3249	86	86
3250	86	86
3251	86	85
3252	86	86
3253	86	86
3254	86	86
3255	86	86
3256	86	86
3257	86	86
3258	86	86
3259	86	86
3260	86	86
3261	86	85
3262	86	86
3263	86	86
3264	86	86
3265	86	86
3266	86	86
3267	86	86
3268	86	86
3269	86	86
3270	86	86
3271	86	86
3272	86	86
3273	86	86
3274	86	86
3275	86	86
3276	86	86
3277	86	86
3278	86	86
3279	86	86
3280	86	86
3281	86	86
3282	86	86
3283	86	86
3284	86	86
3285	86	86
3286	86	86
3287	86	86
3288	86	86
3289	86	86
3290	86	86
3291	86	86
3292	86	86
3293	86	86
3294	86	86
3295	86	86
3296	86	86
3297	86	86
3298	86	86
3299	86	86
3300	86	86
3301	86	86
3302	86	86
3303	86	86
3304	86	86
3305	86	86
3306	86	86
3307	86	86
3308	86	86
3309	86	86
3310	86	86
3311	86	86
3312	86	86
3313	86	86
3314	86	86
3315	86	86
3316	86	86
3317	86	86
3318	86	86
3319	86	86
3320	86	86
3321	86	86
3322	86	86
3323	86	86
3324	86	86
3325	86	86
3326	86	86
3327	86	86
3328	86	86
3329	86	86
3330	86	86
3331	86	86
3332	86	86
3333	86	86
3334	86	86
3335	86	87
3336	86	86
3337	86	86
3338	86	86
3339	86	86
3340	86	86
3341	86	86
3342	86	86
3343	86	86
3344	86	86
3345	86	86
3346	86	86
3347	86	86
3348	86	86
3349	86	87
3350	86	86
3351	86	86
3352	86	86
3353	86	86
3354	86	86
3355	86	86
3356	86	86
3357	86	86
3358	86	86
3359	86	86
3360	86	86
3361	86	86
3362	86	86
3363	86	86
3364	86	86
3365	86	86
3366	86	86
3367	86	86
3368	86	86
3369	86	86
3370	86	86
3371	86	86
3372	86	86
3373	86	86
3374	87	86
3375	86	86
3376	86	86
3377	86	86
3378	86	86
3379	86	86
3380	86	86
3381	86	86
3382	86	86
3383	86	86
3384	86	86
3385	86	86
3386	86	86
3387	86	86
3388	86	86
3389	85	86
3390	86	86
3391	86	86
3392	86	86
3393	86	86
3394	86	86
3395	86	86
3396	86	86
3397	86	86
3398	86	85
3399	86	86
3400	86	86
3401	86	86
3402	86	86
3403	86	86
3404	86	86
3405	86	86
3406	86	86
3407	86	86
3408	86	86
3409	86	86
3410	86	86
3411	86	86
3412	86	86
3413	86	86
3414	86	86
3415	86	86
3416	86	86
3417	86	86
3418	86	86
3419	86	86
3420	86	86
3421	86	86
3422	86	86
3423	86	86
3424	86	86
3425	86	86
3426	86	86
3427	86	86
3428	86	86
3429	86	86
3430	86	86
3431	86	86
3432	86	86
3433	86	86
3434	86	86
3435	86	85
3436	86	87
3437	86	86
3438	86	86
3439	86	86
3440	86	86
3441	86	86
3442	86	86
3443	86	86
3444	86	86
3445	86	86
3446	86	86
3447	86	86
3448	86	86
3449	86	86
3450	86	86
3451	86	86
3452	86	86
3453	86	86
3454	86	86
3455	86	86
3456	86	86
3457	86	86
3458	86	86
3459	86	86
3460	86	85
3461	86	86
3462	86	86
3463	86	86
3464	86	86
3465	86	86
3466	86	86
3467	86	86
3468	86	86
3469	86	86
3470	86	86
3471	86	86
3472	86	86
3473	86	86
3474	86	86
3475	86	86
3476	86	86
3477	86	86
3478	86	86
3479	86	86
3480	86	86
3481	86	86
3482	86	86
3483	86	86
3484	86	86
3485	86	86
3486	86	86
3487	86	86
3488	87	86
3489	86	86
3490	86	86
3491	86	86
3492	86	86
3493	86	86
3494	86	86
3495	86	86
3496	86	86
3497	86	85
3498	86	86
3499	86	86
3500	86	86
3501	86	86
3502	86	86
3503	90	191
3504	105	191
3505	119	191
3506	129	191
3507	139	191
3508	147	191
3509	154	191
3510	159	191
3511	164	191
3512	169	191
3513	172	191
3514	175	191
3515	177	191
3516	179	191
3517	181	191
3518	182	191
3519	183	191
3520	185	191
3521	185	191
3522	186	191
3523	187	191
3524	188	191
3525	188	191
3526	188	191
3527	188	191
3528	189	191
3529	189	191
3530	189	191
3531	189	190
3532	190	191
3533	190	191
3534	190	191
3535	189	190
3536	190	191
3537	190	191
3538	190	191
3539	190	190
3540	190	190
3541	190	191
3542	190	190
3543	190	190
3544	190	190
3545	190	190
3546	190	190
3547	190	190
3548	190	190
3549	190	190
3550	190	190
3551	190	190
3552	190	191
3553	190	190
3554	190	191
3555	190	190
3556	190	191
3557	190	190
3558	190	191
3559	190	191
3560	190	190
3561	190	190
3562	190	190
3563	190	190
3564	190	190
3565	190	190
3566	190	191
3567	190	190
3568	190	191
3569	190	190
3570	190	190
3571	190	190
3572	190	190
3573	190	190
3574	190	190
3575	190	190
3576	190	191
3577	190	190
3578	190	190
3579	190	190
3580	190	191
3581	190	191
3582	190	190
3583	190	190
3584	190	190
3585	190	191
3586	190	191
3587	190	191
3588	189	190
3589	190	191
3590	190	191
3591	190	191
3592	190	190
3593	190	190
3594	190	190
3595	190	191
3596	190	190
3597	190	190
3598	190	190
3599	190	190
3600	190	191
3601	190	190
3602	190	190
3603	191	191
3604	190	190
3605	190	190
3606	190	190
3607	190	191
3608	190	191
3609	190	190
3610	190	190
3611	190	190
3612	189	191
3613	190	191
3614	190	191
3615	190	190
3616	190	190
3617	190	190
3618	190	190
3619	190	190
3620	190	190
3621	190	190
3622	190	190
3623	190	190
3624	190	190
3625	190	190
3626	190	190
3627	190	190
3628	190	191
3629	190	191
3630	190	190
3631	190	190
3632	190	190
3633	190	191
3634	190	190
3635	190	191
3636	190	190
3637	190	191
3638	190	190
3639	190	191
3640	190	191
3641	190	191
3642	190	190
3643	190	190
3644	190	190
3645	190	190
3646	190	191
3647	190	190
3648	190	191
3649	190	190
3650	190	191
3651	190	191
3652	190	191
3653	190	191
3654	190	190
3655	190	190
3656	190	190
3657	190	190
3658	190	191
3659	190	190
3660	190	190
3661	190	191
3662	190	191
3663	190	191
3664	190	191
3665	189	191
3666	190	190
3667	190	190
3668	190	191
3669	190	191
3670	190	190
3671	190	190
3672	190	189
3673	190	191
3674	190	190
3675	190	191
3676	190	190
3677	190	191
3678	190	190
3679	190	190
3680	190	191
3681	190	191
3682	190	190
3683	190	190
3684	190	190
3685	190	190
3686	190	191
3687	190	190
3688	190	191
3689	190	190
3690	190	190
3691	190	190
3692	190	190
3693	190	190
3694	190	191
3695	190	191
3696	190	190
3697	190	190
3698	190	191
3699	190	190
3700	190	190
3701	190	190
3702	190	191
3703	190	190
3704	190	190
3705	190	190
3706	190	190
3707	190	190
3708	190	190
3709	190	190
3710	190	191
3711	190	190
3712	190	191
3713	190	190
3714	190	190
3715	190	190
3716	190	190
3717	190	191
3718	190	190
3719	190	190
3720	190	190
3721	190	190
3722	190	190
3723	190	190
3724	190	191
3725	190	191
3726	190	191
3727	190	191
3728	190	191
3729	190	190
3730	190	190
3731	190	190
3732	190	190
3733	190	190
3734	190	190
3735	190	190
3736	190	190
3737	190	191
3738	190	190
3739	190	191
3740	190	190
3741	189	191
3742	190	191
3743	190	190
3744	190	191
3745	190	190
3746	190	190
3747	190	191
3748	191	191
3749	190	190
3750	190	191
3751	190	190
3752	190	190
3753	190	190
3754	189	190
3755	190	190
3756	190	190
3757	190	191
3758	190	191
3759	190	190
3760	190	191
3761	190	190
3762	190	191
3763	190	190
3764	190	190
3765	190	190
3766	190	191
3767	190	190
3768	190	190
3769	190	190
3770	190	190
3771	190	190
3772	190	191
3773	190	190
3774	190	191
3775	190	190
3776	190	191
3777	190	190
3778	190	190
3779	190	190
3780	190	191
3781	190	191
3782	190	190
3783	190	191
3784	190	190
3785	190	190
3786	190	190
3787	190	190
3788	190	190
3789	190	190
3790	190	191
3791	190	191
3792	190	190
3793	190	190
3794	190	190
3795	190	190
3796	190	190
3797	190	191
3798	190	190
3799	190	191
3800	190	190
3801	190	190
3802	190	191
3803	190	190
3804	189	190
3805	190	190
3806	190	190
3807	190	191
3808	190	190
3809	190	190
3810	190	191
3811	190	191
3812	190	190
3813	190	190
3814	190	190
3815	190	190
3816	190	191
3817	190	190
3818	190	190
3819	190	191
3820	190	190
3821	190	190
3822	190	190
3823	190	190
3824	189	191
3825	190	190
3826	190	190
3827	190	190
3828	190	190
3829	190	191
3830	190	191
3831	190	191
3832	190	190
3833	190	191
3834	190	190
3835	190	190
3836	190	191
3837	190	190
3838	190	190
3839	190	190
3840	190	190
3841	190	191
3842	190	191
3843	190	190
3844	190	190
3845	190	191
3846	190	190
3847	190	191
3848	190	190
3849	190	190
3850	190	190
3851	189	191
3852	190	191
3853	190	190
3854	190	191
3855	190	190
3856	190	191
3857	190	190
3858	190	190
3859	190	191
3860	190	191
3861	190	191
3862	190	190
3863	190	190
3864	190	191
3865	190	191
3866	190	190
3867	190	190
3868	190	190
3869	190	190
3870	190	191
3871	190	190
3872	190	190
3873	190	191
3874	190	190
3875	190	190
3876	190	190
3877	190	191
3878	190	191
3879	190	191
3880	190	190
3881	190	190
3882	190	191
3883	190	190
3884	190	191
3885	190	190
3886	190	190
3887	190	190
3888	190	190
3889	190	190
3890	190	190
3891	190	190
3892	190	191
3893	190	190
3894	190	191
3895	190	190
3896	190	190
3897	190	191
3898	190	191
3899	190	190
3900	190	191
3901	190	190
3902	190	190
3903	190	191
3904	190	190
3905	190	190
3906	190	191
3907	190	190
3908	190	190
3909	190	190
3910	190	191
3911	190	191
3912	190	190
3913	190	190
3914	190	190
3915	190	191
3916	190	190
3917	190	190
3918	190	191
3919	190	190
3920	190	190
3921	190	190
3922	190	190
3923	190	190
3924	190	191
3925	190	191
3926	190	191
3927	190	191
3928	190	190
3929	190	190
3930	190	190
3931	190	190
3932	190	190
3933	190	190
3934	190	191
3935	190	190
3936	190	190
3937	190	190
3938	190	190
3939	190	190
3940	190	190
3941	190	190
3942	190	190
3943	190	190
3944	190	190
3945	190	191
3946	190	190
3947	190	190
3948	190	190
3949	190	190
3950	190	191
3951	190	190
3952	190	191
3953	190	191
3954	190	191
3955	190	190
3956	190	191
3957	190	190
3958	190	190
3959	190	190
3960	190	191
3961	190	190
3962	190	190
3963	190	190
3964	190	190
3965	190	191
3966	190	191
3967	190	190
3968	190	191
3969	190	191
3970	190	190
3971	190	190
3972	190	191
3973	190	191
3974	190	191
3975	190	191
3976	190	190
3977	190	190
3978	190	190
3979	190	190
3980	190	190
3981	190	190
3982	190	191
3983	190	190
3984	190	190
3985	190	190
3986	190	190
3987	190	191
3988	190	190
3989	190	190
3990	190	191
3991	190	190
3992	190	190
3993	190	190
3994	189	190
3995	190	190
3996	190	191
3997	190	190
3998	190	191
3999	190	190
4000	190	190
4001	190	190
4002	190	190
4003	190	190
4004	190	191
4005	190	190
4006	190	190
4007	190	190
4008	190	190
4009	190	190
4010	190	190
4011	190	190
4012	190	190
4013	190	190
4014	190	191
4015	190	190
4016	190	191
4017	190	190
4018	190	190
4019	190	190
4020	190	190
4021	190	190
4022	190	190
4023	190	191
4024	190	191
4025	190	190
4026	190	190
4027	190	191
4028	190	190
4029	190	190
4030	190	190
4031	190	190
4032	190	190
4033	190	190
4034	190	190
4035	190	190
4036	190	190
4037	190	190
4038	190	190
4039	190	190
4040	190	190
4041	190	191
4042	190	191
4043	190	190
4044	190	190
4045	189	190
4046	190	190
4047	190	190
4048	190	191
4049	190	190
4050	190	190
4051	190	190
4052	190	190
4053	190	190
4054	190	190
4055	190	190
4056	189	190
4057	190	190
4058	190	190
4059	190	190
4060	190	190
4061	190	190
4062	190	190
4063	190	190
4064	190	191
4065	190	190
4066	190	190
4067	190	190
4068	190	190
4069	190	190
4070	190	190
4071	190	191
4072	190	191
4073	190	191
4074	190	191
4075	190	190
4076	190	190
4077	190	191
4078	190	191
4079	190	190
4080	190	191
4081	190	190
4082	190	190
4083	189	189
4084	190	190
4085	190	190
4086	190	191
4087	190	191
4088	190	190
4089	190	191
4090	191	190
4091	190	191
4092	190	190
4093	190	191
4094	190	191
4095	190	190
