
TIME STEP:
125 = 1ms

VOLTAGE STEP:
CH1:  32 = 0.3V
CH2:  32 = 0.3V
GND	138	132
N	CH1	CH2

0	191	190
1	191	190
2	190	190
3	190	190
4	191	190
5	191	190
6	190	190
7	191	190
8	191	190
9	191	190
10	191	191
11	190	190
12	190	190
13	190	190
14	190	190
15	191	190
16	190	190
17	190	191
18	190	190
19	191	191
20	190	191
21	191	190
22	191	190
23	191	191
24	191	190
25	190	190
26	191	190
27	190	190
28	190	190
29	190	190
30	191	190
31	191	191
32	191	190
33	190	190
34	190	190
35	191	190
36	190	190
37	190	190
38	191	190
39	191	190
40	190	190
41	190	190
42	191	191
43	191	190
44	191	190
45	191	190
46	191	190
47	191	191
48	190	190
49	190	191
50	190	190
51	191	190
52	190	190
53	190	190
54	190	190
55	191	191
56	191	190
57	190	190
58	191	190
59	191	190
60	191	190
61	191	190
62	190	190
63	191	190
64	191	190
65	191	190
66	190	190
67	190	190
68	190	190
69	190	190
70	190	190
71	191	190
72	190	190
73	191	190
74	191	190
75	190	190
76	191	191
77	191	190
78	191	190
79	191	191
80	190	190
81	190	190
82	190	191
83	191	190
84	190	190
85	190	190
86	190	190
87	191	191
88	190	190
89	190	190
90	191	190
91	191	190
92	191	190
93	190	190
94	191	191
95	191	191
96	191	191
97	190	190
98	190	190
99	190	191
100	191	190
101	190	190
102	190	190
103	191	190
104	190	190
105	190	190
106	191	190
107	190	190
108	191	190
109	190	190
110	191	190
111	191	190
112	190	190
113	190	190
114	191	190
115	190	191
116	191	190
117	191	191
118	191	190
119	191	190
120	190	190
121	191	190
122	191	190
123	190	190
124	191	190
125	191	190
126	191	190
127	191	191
128	191	190
129	190	190
130	190	190
131	190	191
132	191	190
133	190	191
134	190	190
135	191	190
136	191	189
137	191	190
138	191	190
139	191	190
140	191	190
141	190	190
142	191	190
143	191	191
144	191	190
145	190	191
146	190	191
147	191	190
148	190	190
149	190	190
150	190	191
151	191	190
152	191	190
153	190	190
154	190	190
155	191	190
156	191	190
157	190	190
158	190	190
159	191	190
160	190	190
161	190	190
162	191	190
163	191	190
164	190	190
165	191	190
166	190	191
167	191	190
168	191	190
169	191	190
170	190	191
171	190	190
172	191	190
173	190	190
174	191	190
175	191	191
176	190	190
177	191	190
178	190	190
179	191	190
180	190	190
181	190	190
182	190	190
183	191	190
184	190	190
185	191	190
186	191	190
187	191	190
188	190	190
189	191	190
190	190	190
191	191	190
192	190	190
193	190	191
194	190	190
195	191	190
196	190	190
197	190	190
198	190	190
199	191	190
200	191	190
201	190	190
202	190	190
203	190	190
204	190	191
205	190	190
206	191	190
207	191	191
208	190	190
209	191	190
210	190	190
211	190	190
212	190	190
213	190	190
214	191	190
215	191	190
216	190	190
217	190	190
218	190	190
219	191	190
220	191	190
221	190	190
222	190	190
223	191	190
224	190	190
225	191	190
226	191	190
227	190	190
228	190	190
229	190	190
230	191	190
231	191	190
232	190	190
233	191	191
234	191	190
235	190	189
236	191	190
237	191	190
238	191	190
239	191	191
240	191	190
241	190	190
242	191	190
243	191	190
244	191	190
245	191	190
246	191	190
247	191	190
248	191	190
249	191	190
250	191	190
251	190	190
252	191	190
253	190	190
254	190	191
255	191	190
256	191	190
257	190	190
258	190	190
259	191	190
260	191	190
261	190	190
262	191	190
263	191	191
264	191	190
265	191	190
266	190	190
267	191	190
268	190	190
269	191	190
270	191	190
271	191	191
272	191	191
273	190	189
274	191	190
275	191	190
276	191	190
277	191	190
278	190	190
279	191	191
280	191	190
281	190	190
282	190	190
283	190	190
284	191	190
285	190	190
286	191	190
287	191	191
288	191	191
289	191	190
290	190	190
291	191	190
292	190	190
293	191	190
294	191	190
295	191	190
296	191	190
297	190	190
298	191	190
299	190	190
300	190	190
301	191	190
302	190	191
303	191	191
304	190	190
305	191	190
306	191	190
307	191	190
308	191	190
309	190	190
310	190	190
311	191	190
312	191	190
313	191	190
314	191	190
315	190	190
316	191	190
317	191	190
318	191	190
319	191	190
320	191	190
321	191	190
322	190	190
323	191	190
324	190	190
325	191	190
326	191	190
327	191	190
328	191	191
329	191	190
330	191	191
331	191	190
332	190	190
333	190	190
334	190	190
335	191	190
336	191	191
337	191	190
338	191	190
339	191	190
340	190	190
341	190	190
342	191	190
343	191	190
344	190	190
345	191	190
346	191	190
347	191	190
348	190	190
349	191	190
350	190	190
351	191	190
352	190	190
353	191	190
354	190	190
355	190	190
356	191	190
357	190	190
358	191	190
359	191	190
360	191	190
361	191	190
362	190	191
363	191	190
364	191	190
365	190	190
366	191	190
367	191	190
368	191	190
369	191	190
370	191	190
371	191	190
372	190	190
373	190	190
374	191	190
375	191	190
376	190	190
377	190	190
378	177	89
379	164	88
380	153	87
381	143	87
382	134	87
383	127	87
384	121	86
385	116	86
386	111	86
387	108	86
388	104	86
389	101	86
390	99	85
391	98	86
392	97	86
393	95	86
394	93	86
395	92	85
396	91	86
397	90	85
398	90	86
399	89	86
400	89	86
401	89	86
402	89	86
403	88	86
404	88	86
405	88	86
406	87	86
407	88	86
408	87	85
409	86	86
410	87	85
411	87	86
412	87	86
413	87	86
414	87	86
415	87	86
416	87	86
417	86	86
418	86	86
419	86	86
420	86	86
421	86	86
422	86	85
423	87	86
424	86	86
425	86	86
426	86	86
427	86	86
428	86	86
429	86	86
430	86	86
431	86	86
432	86	86
433	86	86
434	86	86
435	86	86
436	86	85
437	86	86
438	86	86
439	86	86
440	86	86
441	86	86
442	86	86
443	86	86
444	86	85
445	86	86
446	86	86
447	87	85
448	86	86
449	86	86
450	86	86
451	86	86
452	86	86
453	86	85
454	86	86
455	86	86
456	86	86
457	86	86
458	86	86
459	86	86
460	86	86
461	86	86
462	86	86
463	86	86
464	86	86
465	86	86
466	86	86
467	86	86
468	86	86
469	86	86
470	86	86
471	86	86
472	86	86
473	86	86
474	86	86
475	86	86
476	86	86
477	86	85
478	86	86
479	87	86
480	86	86
481	86	86
482	86	86
483	86	86
484	86	86
485	85	86
486	86	86
487	86	86
488	86	86
489	86	86
490	86	86
491	86	85
492	86	86
493	86	86
494	86	86
495	86	86
496	86	86
497	86	85
498	86	86
499	86	86
500	86	86
501	86	86
502	86	86
503	86	86
504	86	86
505	86	86
506	86	86
507	86	86
508	86	86
509	86	85
510	86	86
511	86	86
512	86	86
513	86	86
514	86	86
515	86	86
516	86	86
517	86	86
518	86	86
519	86	86
520	86	86
521	86	86
522	86	86
523	86	86
524	86	86
525	86	86
526	86	86
527	87	86
528	86	86
529	86	86
530	86	86
531	86	86
532	86	86
533	86	86
534	86	85
535	86	86
536	86	86
537	86	86
538	86	86
539	86	86
540	86	86
541	86	86
542	86	86
543	86	86
544	86	86
545	86	86
546	86	86
547	86	85
548	85	86
549	86	86
550	86	86
551	86	86
552	86	86
553	86	86
554	86	86
555	86	86
556	86	86
557	86	86
558	86	86
559	86	85
560	86	86
561	86	86
562	86	86
563	86	86
564	86	86
565	86	86
566	86	86
567	86	86
568	86	86
569	86	86
570	86	86
571	86	86
572	86	86
573	85	86
574	86	86
575	86	86
576	86	86
577	86	86
578	86	86
579	86	86
580	86	86
581	86	85
582	86	85
583	86	86
584	86	85
585	86	86
586	86	86
587	86	86
588	86	86
589	86	86
590	86	86
591	86	86
592	86	86
593	86	86
594	86	86
595	86	86
596	86	86
597	86	86
598	86	86
599	86	86
600	86	86
601	85	86
602	86	86
603	86	86
604	86	86
605	85	86
606	86	86
607	86	86
608	85	86
609	86	86
610	86	86
611	86	86
612	86	86
613	86	86
614	86	86
615	86	86
616	86	86
617	85	85
618	86	86
619	86	86
620	85	86
621	85	86
622	86	86
623	86	86
624	86	86
625	86	86
626	86	86
627	86	86
628	86	86
629	86	86
630	86	86
631	86	86
632	86	86
633	86	86
634	86	86
635	86	86
636	86	86
637	86	86
638	86	86
639	86	86
640	86	86
641	86	86
642	86	86
643	86	86
644	86	86
645	86	86
646	86	85
647	86	86
648	86	86
649	86	86
650	86	86
651	86	86
652	85	86
653	86	86
654	86	86
655	86	86
656	86	86
657	86	86
658	86	86
659	86	86
660	86	86
661	86	86
662	86	86
663	86	86
664	86	86
665	86	86
666	86	86
667	86	86
668	86	86
669	86	86
670	86	86
671	86	86
672	86	86
673	85	86
674	86	86
675	86	86
676	86	86
677	86	86
678	86	86
679	86	86
680	86	86
681	86	86
682	86	86
683	85	86
684	85	85
685	86	86
686	86	86
687	86	86
688	86	86
689	86	86
690	86	86
691	86	86
692	86	86
693	86	85
694	86	85
695	86	86
696	85	85
697	86	86
698	86	86
699	86	86
700	86	86
701	86	86
702	86	86
703	86	86
704	86	86
705	86	86
706	86	86
707	86	86
708	86	86
709	86	86
710	86	86
711	86	86
712	86	86
713	86	86
714	86	86
715	86	86
716	86	86
717	86	86
718	86	86
719	86	86
720	86	86
721	86	85
722	86	86
723	86	86
724	86	86
725	86	86
726	86	86
727	86	86
728	86	86
729	86	86
730	86	86
731	86	86
732	86	86
733	86	86
734	86	86
735	86	86
736	86	86
737	86	86
738	86	86
739	86	86
740	85	86
741	86	86
742	86	86
743	86	86
744	86	86
745	86	86
746	86	86
747	86	85
748	86	86
749	86	86
750	86	86
751	86	86
752	86	86
753	86	86
754	86	86
755	86	86
756	86	86
757	86	86
758	86	86
759	86	86
760	86	86
761	86	86
762	86	86
763	86	86
764	85	86
765	85	86
766	86	86
767	86	86
768	86	86
769	86	86
770	86	86
771	86	86
772	86	85
773	86	86
774	85	86
775	86	86
776	86	86
777	86	86
778	86	86
779	86	86
780	86	85
781	85	86
782	86	86
783	86	85
784	86	86
785	86	86
786	86	86
787	86	86
788	86	86
789	86	86
790	86	86
791	86	86
792	86	86
793	86	86
794	86	86
795	86	86
796	86	86
797	86	86
798	86	86
799	86	86
800	86	86
801	86	86
802	86	86
803	86	86
804	85	86
805	86	86
806	86	86
807	86	86
808	86	86
809	86	86
810	86	86
811	86	86
812	85	86
813	86	86
814	86	86
815	86	86
816	86	86
817	85	86
818	86	86
819	86	86
820	86	86
821	85	85
822	86	86
823	86	86
824	86	87
825	86	86
826	85	86
827	86	86
828	86	86
829	86	86
830	86	86
831	86	86
832	86	86
833	86	85
834	86	86
835	86	86
836	86	86
837	86	86
838	85	86
839	86	86
840	86	86
841	86	86
842	86	86
843	86	86
844	86	86
845	86	86
846	86	86
847	86	86
848	85	86
849	86	86
850	86	86
851	86	86
852	86	86
853	86	86
854	86	86
855	86	86
856	86	86
857	86	86
858	86	85
859	86	86
860	86	86
861	86	86
862	86	86
863	86	86
864	86	86
865	86	85
866	86	86
867	85	86
868	86	86
869	85	86
870	86	86
871	86	86
872	86	86
873	86	86
874	86	86
875	86	86
876	85	86
877	86	86
878	86	86
879	86	86
880	86	86
881	86	86
882	86	86
883	86	85
884	86	86
885	86	86
886	86	86
887	86	86
888	85	86
889	86	86
890	86	86
891	86	86
892	86	86
893	86	86
894	86	86
895	86	86
896	85	86
897	86	86
898	85	86
899	86	86
900	86	86
901	86	86
902	86	86
903	86	86
904	86	86
905	86	86
906	86	86
907	86	86
908	86	85
909	86	86
910	85	86
911	86	86
912	86	86
913	86	86
914	86	86
915	86	86
916	86	86
917	85	86
918	85	86
919	86	86
920	85	85
921	86	86
922	86	86
923	86	86
924	86	86
925	86	86
926	86	86
927	86	86
928	86	85
929	86	86
930	86	86
931	86	86
932	86	86
933	86	86
934	86	86
935	86	86
936	86	86
937	86	86
938	86	86
939	86	86
940	86	86
941	86	86
942	86	86
943	87	86
944	86	86
945	86	86
946	86	86
947	86	86
948	86	86
949	86	86
950	86	86
951	86	86
952	86	86
953	86	86
954	86	86
955	85	86
956	86	86
957	86	86
958	85	85
959	86	86
960	86	86
961	86	86
962	86	86
963	86	86
964	86	86
965	86	86
966	86	85
967	86	86
968	85	86
969	86	86
970	86	85
971	85	86
972	86	86
973	86	86
974	85	86
975	86	86
976	86	86
977	86	86
978	86	86
979	85	86
980	85	86
981	86	85
982	86	86
983	86	86
984	86	86
985	86	86
986	86	86
987	86	86
988	85	86
989	85	86
990	86	86
991	86	86
992	86	86
993	86	86
994	85	86
995	85	86
996	86	85
997	86	86
998	86	86
999	86	86
1000	86	86
1001	86	86
1002	86	86
1003	99	187
1004	112	188
1005	124	189
1006	134	189
1007	143	190
1008	149	190
1009	155	190
1010	161	190
1011	164	190
1012	169	190
1013	172	190
1014	174	190
1015	177	190
1016	179	190
1017	180	191
1018	182	191
1019	183	190
1020	184	190
1021	185	190
1022	186	190
1023	187	191
1024	187	191
1025	188	190
1026	188	190
1027	188	190
1028	188	190
1029	189	190
1030	189	190
1031	189	191
1032	189	190
1033	189	190
1034	189	190
1035	189	190
1036	190	191
1037	189	190
1038	189	190
1039	190	191
1040	190	190
1041	190	191
1042	190	190
1043	190	190
1044	190	190
1045	190	190
1046	190	190
1047	190	190
1048	190	190
1049	190	190
1050	190	190
1051	190	190
1052	190	190
1053	190	190
1054	190	190
1055	190	190
1056	190	190
1057	190	190
1058	190	190
1059	190	190
1060	190	190
1061	190	190
1062	190	190
1063	191	190
1064	190	190
1065	190	190
1066	190	191
1067	190	190
1068	191	190
1069	190	190
1070	190	190
1071	191	190
1072	190	190
1073	190	190
1074	190	190
1075	191	190
1076	190	191
1077	190	190
1078	190	190
1079	190	190
1080	190	190
1081	190	190
1082	190	190
1083	190	190
1084	191	190
1085	190	190
1086	190	190
1087	191	190
1088	190	190
1089	190	190
1090	190	190
1091	190	190
1092	190	190
1093	190	190
1094	190	190
1095	191	189
1096	190	190
1097	190	190
1098	190	190
1099	190	190
1100	190	190
1101	191	190
1102	190	190
1103	191	190
1104	190	190
1105	191	190
1106	190	190
1107	190	190
1108	190	190
1109	190	190
1110	190	190
1111	191	190
1112	191	191
1113	191	190
1114	191	190
1115	190	190
1116	191	190
1117	191	190
1118	191	190
1119	191	191
1120	190	190
1121	190	190
1122	190	190
1123	190	190
1124	190	190
1125	191	190
1126	191	190
1127	191	190
1128	190	190
1129	191	191
1130	190	190
1131	190	190
1132	190	190
1133	190	190
1134	190	190
1135	191	191
1136	191	190
1137	190	190
1138	190	190
1139	190	191
1140	190	190
1141	191	190
1142	190	190
1143	191	190
1144	191	190
1145	191	190
1146	191	191
1147	190	190
1148	191	190
1149	191	190
1150	191	190
1151	191	191
1152	191	190
1153	191	190
1154	190	191
1155	191	190
1156	190	190
1157	190	190
1158	190	190
1159	190	190
1160	191	190
1161	190	190
1162	190	191
1163	190	190
1164	191	190
1165	191	190
1166	191	190
1167	191	190
1168	191	190
1169	191	190
1170	190	190
1171	191	190
1172	191	190
1173	191	190
1174	191	190
1175	191	190
1176	190	190
1177	190	190
1178	191	190
1179	191	190
1180	190	190
1181	191	190
1182	190	190
1183	191	191
1184	191	190
1185	190	190
1186	190	190
1187	190	190
1188	190	190
1189	190	190
1190	191	190
1191	191	191
1192	190	190
1193	190	190
1194	190	190
1195	190	190
1196	190	190
1197	191	190
1198	190	190
1199	191	190
1200	191	190
1201	190	190
1202	190	190
1203	190	190
1204	190	190
1205	190	190
1206	190	190
1207	191	190
1208	190	190
1209	191	190
1210	190	190
1211	190	190
1212	190	190
1213	190	191
1214	190	190
1215	191	190
1216	190	190
1217	190	191
1218	190	190
1219	190	189
1220	191	190
1221	190	190
1222	190	190
1223	191	190
1224	190	190
1225	190	190
1226	190	190
1227	190	190
1228	191	190
1229	190	190
1230	190	190
1231	190	190
1232	190	189
1233	191	190
1234	190	190
1235	190	190
1236	190	190
1237	190	190
1238	191	190
1239	191	190
1240	190	191
1241	191	190
1242	191	191
1243	190	190
1244	190	190
1245	190	190
1246	190	190
1247	191	190
1248	191	190
1249	191	190
1250	190	190
1251	190	190
1252	191	190
1253	190	190
1254	191	190
1255	191	190
1256	191	190
1257	190	190
1258	190	190
1259	191	190
1260	190	191
1261	191	190
1262	190	191
1263	191	191
1264	190	191
1265	191	190
1266	191	190
1267	190	191
1268	191	191
1269	190	190
1270	190	190
1271	191	190
1272	191	190
1273	191	190
1274	190	190
1275	190	190
1276	190	190
1277	190	190
1278	191	190
1279	191	190
1280	191	190
1281	190	190
1282	191	191
1283	191	190
1284	190	190
1285	191	190
1286	190	190
1287	191	191
1288	191	190
1289	191	190
1290	191	190
1291	190	190
1292	191	190
1293	191	190
1294	191	190
1295	191	190
1296	191	190
1297	191	190
1298	190	190
1299	190	190
1300	190	190
1301	190	190
1302	191	190
1303	191	190
1304	191	191
1305	191	190
1306	190	191
1307	190	190
1308	190	190
1309	191	190
1310	191	190
1311	191	190
1312	191	190
1313	191	191
1314	191	191
1315	191	190
1316	190	190
1317	191	190
1318	191	190
1319	191	190
1320	191	191
1321	190	190
1322	191	191
1323	190	191
1324	191	190
1325	190	190
1326	191	190
1327	191	190
1328	190	191
1329	191	190
1330	190	190
1331	190	190
1332	190	190
1333	190	190
1334	190	190
1335	191	190
1336	191	190
1337	191	190
1338	190	190
1339	191	190
1340	190	190
1341	190	190
1342	190	190
1343	191	190
1344	190	190
1345	190	191
1346	190	190
1347	190	190
1348	191	190
1349	190	190
1350	191	190
1351	191	190
1352	190	190
1353	191	190
1354	190	190
1355	190	190
1356	190	190
1357	190	190
1358	191	191
1359	191	190
1360	190	190
1361	191	190
1362	190	191
1363	190	190
1364	190	190
1365	191	190
1366	190	190
1367	191	191
1368	191	190
1369	190	190
1370	191	191
1371	190	190
1372	190	190
1373	191	190
1374	191	190
1375	191	191
1376	191	190
1377	191	190
1378	191	190
1379	190	190
1380	190	190
1381	191	190
1382	190	190
1383	191	190
1384	191	190
1385	191	190
1386	190	190
1387	190	190
1388	191	190
1389	190	190
1390	190	190
1391	191	190
1392	190	191
1393	190	191
1394	190	190
1395	190	191
1396	191	190
1397	191	190
1398	191	190
1399	191	190
1400	191	190
1401	190	190
1402	190	190
1403	190	190
1404	190	191
1405	191	190
1406	191	190
1407	191	190
1408	191	190
1409	191	190
1410	190	190
1411	190	190
1412	190	190
1413	191	190
1414	190	190
1415	191	190
1416	191	190
1417	191	190
1418	190	191
1419	191	190
1420	190	190
1421	190	190
1422	191	190
1423	191	190
1424	191	190
1425	191	191
1426	190	190
1427	190	190
1428	191	190
1429	190	190
1430	190	190
1431	191	190
1432	191	190
1433	191	191
1434	191	190
1435	190	190
1436	191	190
1437	190	190
1438	190	190
1439	191	190
1440	191	190
1441	190	190
1442	191	190
1443	191	190
1444	190	191
1445	190	190
1446	190	190
1447	191	190
1448	190	190
1449	191	190
1450	191	190
1451	191	190
1452	190	191
1453	190	190
1454	190	190
1455	191	190
1456	190	190
1457	191	191
1458	191	190
1459	191	190
1460	191	190
1461	190	190
1462	191	190
1463	191	191
1464	191	190
1465	191	190
1466	191	191
1467	190	190
1468	190	190
1469	190	190
1470	190	191
1471	191	191
1472	190	191
1473	191	191
1474	191	190
1475	190	190
1476	190	190
1477	190	190
1478	190	190
1479	191	190
1480	191	191
1481	190	190
1482	190	190
1483	190	190
1484	190	190
1485	191	190
1486	190	190
1487	191	191
1488	190	190
1489	191	190
1490	191	190
1491	191	190
1492	190	190
1493	190	190
1494	191	190
1495	191	190
1496	190	190
1497	190	191
1498	190	190
1499	191	190
1500	190	190
1501	191	190
1502	191	190
1503	191	190
1504	191	190
1505	191	190
1506	190	189
1507	190	190
1508	191	190
1509	191	190
1510	190	190
1511	191	190
1512	191	190
1513	190	190
1514	191	190
1515	191	190
1516	190	190
1517	190	190
1518	191	190
1519	191	190
1520	191	190
1521	190	190
1522	191	190
1523	190	190
1524	191	190
1525	191	191
1526	190	190
1527	191	190
1528	191	190
1529	191	191
1530	191	190
1531	190	190
1532	190	190
1533	191	190
1534	191	190
1535	191	191
1536	191	190
1537	191	191
1538	190	191
1539	191	190
1540	190	190
1541	191	190
1542	191	190
1543	190	190
1544	191	190
1545	191	190
1546	190	190
1547	190	190
1548	191	190
1549	191	190
1550	190	190
1551	191	190
1552	190	190
1553	191	190
1554	190	190
1555	191	190
1556	190	190
1557	191	190
1558	191	190
1559	191	191
1560	191	190
1561	191	190
1562	190	190
1563	190	191
1564	190	191
1565	190	190
1566	191	190
1567	191	190
1568	191	190
1569	190	190
1570	190	190
1571	191	190
1572	191	190
1573	191	190
1574	191	190
1575	191	190
1576	190	191
1577	190	190
1578	190	190
1579	191	190
1580	191	190
1581	191	190
1582	190	190
1583	191	190
1584	190	190
1585	191	190
1586	190	190
1587	191	190
1588	190	190
1589	191	190
1590	190	190
1591	191	190
1592	191	190
1593	190	190
1594	191	190
1595	190	190
1596	191	190
1597	191	190
1598	191	190
1599	191	190
1600	190	190
1601	191	190
1602	191	190
1603	190	190
1604	191	190
1605	190	190
1606	190	190
1607	190	191
1608	191	191
1609	191	190
1610	190	190
1611	191	190
1612	190	190
1613	190	190
1614	190	190
1615	191	190
1616	191	190
1617	191	191
1618	190	190
1619	190	190
1620	191	190
1621	191	190
1622	191	190
1623	191	190
1624	190	191
1625	191	191
1626	191	190
1627	191	190
1628	177	89
1629	164	88
1630	152	87
1631	143	87
1632	134	86
1633	126	86
1634	121	86
1635	116	86
1636	111	86
1637	107	86
1638	105	86
1639	102	86
1640	100	86
1641	97	86
1642	96	86
1643	94	85
1644	93	86
1645	92	85
1646	91	86
1647	91	86
1648	90	86
1649	89	86
1650	89	86
1651	89	86
1652	88	86
1653	88	86
1654	88	86
1655	87	85
1656	87	86
1657	87	86
1658	87	86
1659	87	85
1660	87	86
1661	87	86
1662	87	86
1663	87	86
1664	87	86
1665	87	86
1666	86	86
1667	86	86
1668	86	85
1669	86	86
1670	86	86
1671	86	86
1672	86	86
1673	86	86
1674	86	86
1675	86	86
1676	86	86
1677	86	86
1678	86	86
1679	86	86
1680	86	85
1681	86	86
1682	86	86
1683	86	86
1684	86	86
1685	86	86
1686	86	86
1687	86	86
1688	86	86
1689	86	86
1690	86	86
1691	86	85
1692	86	86
1693	86	86
1694	86	86
1695	87	86
1696	86	86
1697	86	86
1698	86	86
1699	86	86
1700	86	86
1701	86	86
1702	86	86
1703	86	86
1704	86	86
1705	86	85
1706	86	86
1707	86	86
1708	86	86
1709	86	86
1710	86	86
1711	86	86
1712	86	86
1713	86	86
1714	86	86
1715	86	86
1716	86	85
1717	86	86
1718	86	86
1719	86	86
1720	86	86
1721	86	86
1722	86	86
1723	85	86
1724	86	86
1725	86	86
1726	86	86
1727	86	86
1728	86	86
1729	86	86
1730	86	86
1731	86	86
1732	85	86
1733	86	86
1734	86	86
1735	86	86
1736	86	86
1737	86	86
1738	86	86
1739	86	86
1740	86	86
1741	86	86
1742	85	85
1743	87	86
1744	86	86
1745	86	86
1746	86	86
1747	86	86
1748	86	86
1749	86	86
1750	86	86
1751	86	86
1752	86	86
1753	86	86
1754	86	86
1755	86	86
1756	86	86
1757	86	86
1758	86	86
1759	86	86
1760	86	86
1761	86	86
1762	86	86
1763	86	86
1764	86	86
1765	85	86
1766	86	86
1767	86	85
1768	86	86
1769	86	86
1770	86	86
1771	86	86
1772	86	86
1773	86	86
1774	86	86
1775	86	86
1776	86	86
1777	86	85
1778	86	86
1779	86	86
1780	86	85
1781	86	86
1782	86	86
1783	86	86
1784	86	86
1785	86	86
1786	86	86
1787	86	86
1788	86	86
1789	86	86
1790	86	86
1791	86	86
1792	86	85
1793	86	86
1794	86	86
1795	86	86
1796	86	85
1797	86	86
1798	86	86
1799	86	86
1800	86	86
1801	86	86
1802	85	86
1803	86	86
1804	85	86
1805	85	86
1806	86	86
1807	86	86
1808	86	86
1809	86	86
1810	86	86
1811	86	86
1812	86	86
1813	86	86
1814	86	86
1815	86	86
1816	86	86
1817	85	85
1818	86	86
1819	85	86
1820	86	86
1821	86	86
1822	86	86
1823	86	86
1824	85	86
1825	86	86
1826	86	86
1827	86	86
1828	86	86
1829	86	86
1830	86	86
1831	86	86
1832	85	86
1833	85	86
1834	86	86
1835	86	86
1836	86	86
1837	86	86
1838	86	86
1839	86	86
1840	86	86
1841	86	85
1842	86	85
1843	85	86
1844	86	86
1845	86	86
1846	86	86
1847	86	86
1848	86	86
1849	86	86
1850	86	86
1851	86	86
1852	86	86
1853	86	86
1854	86	86
1855	86	86
1856	86	86
1857	86	86
1858	86	86
1859	86	86
1860	86	86
1861	86	86
1862	86	86
1863	86	86
1864	86	86
1865	86	86
1866	86	86
1867	86	85
1868	86	86
1869	86	86
1870	86	86
1871	86	86
1872	86	86
1873	86	86
1874	86	85
1875	86	86
1876	86	86
1877	85	86
1878	86	86
1879	86	86
1880	86	86
1881	86	85
1882	86	86
1883	86	86
1884	86	86
1885	85	86
1886	86	86
1887	86	86
1888	86	86
1889	86	86
1890	86	86
1891	86	86
1892	85	85
1893	86	86
1894	86	86
1895	86	86
1896	86	86
1897	86	85
1898	86	86
1899	85	86
1900	86	86
1901	86	86
1902	86	86
1903	86	86
1904	86	85
1905	86	86
1906	86	86
1907	86	86
1908	86	86
1909	86	86
1910	86	86
1911	86	86
1912	86	86
1913	86	86
1914	86	86
1915	86	86
1916	86	86
1917	85	85
1918	86	86
1919	86	86
1920	86	85
1921	86	86
1922	86	85
1923	86	86
1924	86	86
1925	86	86
1926	86	86
1927	86	86
1928	85	86
1929	86	85
1930	86	86
1931	86	86
1932	86	86
1933	86	86
1934	86	86
1935	86	86
1936	85	86
1937	86	86
1938	86	86
1939	86	86
1940	86	86
1941	85	86
1942	85	86
1943	86	86
1944	86	86
1945	86	86
1946	86	86
1947	86	86
1948	86	86
1949	86	86
1950	86	86
1951	86	86
1952	86	86
1953	86	86
1954	86	85
1955	86	86
1956	86	86
1957	86	86
1958	86	86
1959	86	86
1960	86	86
1961	86	86
1962	86	86
1963	86	86
1964	85	86
1965	86	86
1966	85	86
1967	86	86
1968	86	86
1969	86	86
1970	86	86
1971	86	86
1972	86	86
1973	86	86
1974	86	86
1975	86	86
1976	86	86
1977	86	86
1978	86	86
1979	85	85
1980	86	86
1981	86	86
1982	86	86
1983	86	86
1984	86	86
1985	86	86
1986	86	86
1987	85	86
1988	86	86
1989	86	86
1990	86	86
1991	86	86
1992	86	86
1993	86	86
1994	86	86
1995	86	86
1996	86	86
1997	86	86
1998	86	86
1999	86	86
2000	86	86
2001	86	86
2002	85	86
2003	86	86
2004	86	85
2005	86	86
2006	86	86
2007	86	86
2008	86	86
2009	86	86
2010	86	86
2011	86	86
2012	86	86
2013	86	86
2014	86	86
2015	86	86
2016	85	85
2017	86	86
2018	86	86
2019	86	86
2020	86	86
2021	86	86
2022	86	86
2023	86	86
2024	86	86
2025	86	86
2026	86	86
2027	86	86
2028	85	86
2029	86	85
2030	85	86
2031	86	86
2032	86	86
2033	86	86
2034	85	86
2035	85	86
2036	86	85
2037	86	86
2038	86	86
2039	86	86
2040	86	86
2041	85	86
2042	86	86
2043	85	86
2044	86	86
2045	86	86
2046	86	86
2047	86	86
2048	86	86
2049	86	86
2050	86	86
2051	86	86
2052	86	86
2053	86	86
2054	85	85
2055	86	86
2056	86	86
2057	86	86
2058	86	86
2059	86	86
2060	86	86
2061	85	86
2062	86	86
2063	86	86
2064	85	86
2065	85	86
2066	86	86
2067	86	85
2068	86	86
2069	85	86
2070	85	86
2071	86	86
2072	86	86
2073	86	86
2074	86	86
2075	85	86
2076	86	86
2077	86	86
2078	86	86
2079	86	86
2080	86	86
2081	86	86
2082	86	86
2083	86	86
2084	86	86
2085	85	86
2086	86	86
2087	86	86
2088	86	86
2089	86	86
2090	86	86
2091	85	85
2092	86	86
2093	85	86
2094	86	86
2095	86	86
2096	86	86
2097	86	86
2098	86	86
2099	85	86
2100	86	86
2101	86	86
2102	86	86
2103	86	86
2104	86	86
2105	86	86
2106	86	86
2107	85	86
2108	86	86
2109	86	86
2110	86	86
2111	86	86
2112	86	86
2113	86	86
2114	86	86
2115	86	86
2116	86	85
2117	86	86
2118	86	86
2119	86	86
2120	86	86
2121	86	86
2122	86	86
2123	86	86
2124	86	86
2125	86	86
2126	86	86
2127	86	86
2128	86	86
2129	86	86
2130	86	86
2131	86	86
2132	86	86
2133	86	86
2134	86	86
2135	86	86
2136	86	86
2137	86	86
2138	86	86
2139	86	85
2140	86	86
2141	85	85
2142	86	86
2143	86	86
2144	86	86
2145	86	86
2146	86	86
2147	86	86
2148	86	86
2149	85	86
2150	86	86
2151	86	86
2152	85	86
2153	85	85
2154	86	86
2155	86	86
2156	86	86
2157	85	86
2158	85	86
2159	86	86
2160	86	86
2161	86	86
2162	86	86
2163	86	86
2164	86	86
2165	85	86
2166	85	85
2167	86	86
2168	86	85
2169	86	85
2170	86	86
2171	86	86
2172	86	86
2173	86	86
2174	86	86
2175	86	86
2176	86	86
2177	86	86
2178	86	85
2179	85	86
2180	86	86
2181	86	86
2182	86	86
2183	86	86
2184	86	86
2185	86	86
2186	86	86
2187	85	86
2188	86	86
2189	86	86
2190	86	86
2191	86	85
2192	86	86
2193	86	86
2194	85	86
2195	86	86
2196	85	86
2197	85	86
2198	86	86
2199	86	86
2200	86	86
2201	86	86
2202	86	86
2203	86	85
2204	85	86
2205	86	86
2206	86	86
2207	86	86
2208	86	86
2209	86	86
2210	86	85
2211	86	86
2212	86	86
2213	86	86
2214	86	86
2215	86	86
2216	86	86
2217	86	86
2218	86	85
2219	85	86
2220	85	86
2221	86	86
2222	86	86
2223	87	86
2224	86	86
2225	85	86
2226	86	86
2227	86	86
2228	86	85
2229	86	86
2230	86	86
2231	86	86
2232	86	86
2233	86	86
2234	86	86
2235	86	86
2236	85	86
2237	85	86
2238	86	86
2239	86	86
2240	86	86
2241	86	86
2242	86	86
2243	86	86
2244	86	86
2245	86	86
2246	86	86
2247	86	86
2248	86	86
2249	86	86
2250	85	86
2251	85	86
2252	86	86
2253	99	186
2254	112	188
2255	124	189
2256	134	189
2257	142	190
2258	149	190
2259	156	190
2260	161	190
2261	165	190
2262	169	190
2263	172	190
2264	175	190
2265	177	190
2266	179	191
2267	180	190
2268	182	191
2269	183	191
2270	184	190
2271	185	191
2272	186	190
2273	187	191
2274	187	190
2275	187	190
2276	188	190
2277	188	190
2278	188	190
2279	189	190
2280	189	190
2281	189	190
2282	189	191
2283	189	190
2284	189	190
2285	189	190
2286	189	190
2287	190	191
2288	190	190
2289	190	190
2290	190	190
2291	190	190
2292	190	190
2293	190	190
2294	190	190
2295	190	191
2296	190	190
2297	190	190
2298	190	190
2299	190	190
2300	190	190
2301	190	190
2302	190	190
2303	190	190
2304	190	190
2305	190	190
2306	190	190
2307	190	190
2308	190	191
2309	190	191
2310	190	190
2311	190	190
2312	190	190
2313	190	190
2314	190	190
2315	190	190
2316	190	190
2317	190	190
2318	190	190
2319	190	190
2320	190	190
2321	190	190
2322	190	190
2323	190	190
2324	191	190
2325	190	190
2326	190	190
2327	191	190
2328	190	189
2329	190	191
2330	191	190
2331	190	190
2332	190	190
2333	190	190
2334	190	190
2335	191	190
2336	190	190
2337	190	190
2338	190	190
2339	190	190
2340	190	190
2341	190	190
2342	191	190
2343	190	191
2344	190	191
2345	190	190
2346	190	191
2347	190	190
2348	190	190
2349	190	190
2350	190	190
2351	191	190
2352	190	190
2353	190	190
2354	190	191
2355	191	190
2356	190	190
2357	191	190
2358	190	190
2359	191	190
2360	191	190
2361	190	190
2362	191	190
2363	190	190
2364	191	190
2365	190	190
2366	191	190
2367	190	191
2368	190	191
2369	190	190
2370	190	191
2371	190	190
2372	190	190
2373	190	190
2374	190	190
2375	191	190
2376	190	191
2377	190	190
2378	190	190
2379	190	190
2380	190	191
2381	191	190
2382	190	190
2383	191	190
2384	190	190
2385	190	191
2386	190	190
2387	190	190
2388	190	190
2389	190	190
2390	190	190
2391	191	190
2392	190	190
2393	190	190
2394	190	191
2395	190	190
2396	191	190
2397	191	190
2398	191	190
2399	191	190
2400	190	190
2401	190	190
2402	190	190
2403	191	190
2404	191	190
2405	190	190
2406	190	190
2407	191	190
2408	190	190
2409	190	190
2410	191	191
2411	190	190
2412	190	190
2413	190	190
2414	190	190
2415	191	190
2416	190	190
2417	191	190
2418	190	190
2419	191	190
2420	190	190
2421	190	190
2422	190	190
2423	191	191
2424	190	190
2425	191	190
2426	190	190
2427	190	190
2428	191	190
2429	190	190
2430	190	190
2431	191	190
2432	191	190
2433	190	190
2434	190	190
2435	190	190
2436	190	190
2437	191	190
2438	190	190
2439	191	190
2440	191	190
2441	191	190
2442	191	190
2443	190	190
2444	191	190
2445	190	190
2446	191	191
2447	191	190
2448	191	190
2449	191	190
2450	191	190
2451	190	190
2452	191	190
2453	191	190
2454	191	190
2455	191	190
2456	190	190
2457	191	190
2458	190	190
2459	190	190
2460	190	190
2461	191	190
2462	190	190
2463	191	190
2464	191	191
2465	190	189
2466	191	190
2467	190	190
2468	191	190
2469	191	190
2470	190	190
2471	191	190
2472	191	190
2473	190	191
2474	190	190
2475	191	190
2476	190	191
2477	190	189
2478	190	190
2479	191	190
2480	190	190
2481	190	190
2482	190	191
2483	190	190
2484	190	190
2485	191	191
2486	191	190
2487	191	190
2488	191	190
2489	191	190
2490	191	190
2491	190	190
2492	190	190
2493	190	190
2494	191	190
2495	191	190
2496	190	190
2497	190	190
2498	190	190
2499	191	190
2500	191	190
2501	190	190
2502	190	190
2503	191	190
2504	190	190
2505	190	190
2506	191	190
2507	190	190
2508	190	190
2509	190	190
2510	191	190
2511	191	191
2512	190	190
2513	191	190
2514	190	190
2515	190	190
2516	190	190
2517	190	190
2518	190	190
2519	191	190
2520	190	190
2521	191	191
2522	191	190
2523	190	190
2524	191	191
2525	191	190
2526	190	191
2527	191	190
2528	191	190
2529	190	190
2530	191	190
2531	191	191
2532	191	191
2533	190	190
2534	190	190
2535	191	190
2536	191	190
2537	190	190
2538	191	190
2539	190	190
2540	191	190
2541	190	190
2542	190	190
2543	191	190
2544	191	190
2545	190	190
2546	190	190
2547	190	190
2548	190	191
2549	191	190
2550	190	190
2551	191	190
2552	190	190
2553	190	190
2554	191	190
2555	190	190
2556	191	190
2557	190	190
2558	190	190
2559	191	190
2560	191	190
2561	191	190
2562	191	190
2563	190	190
2564	190	190
2565	190	190
2566	190	190
2567	191	190
2568	191	191
2569	191	191
2570	190	191
2571	190	190
2572	190	190
2573	190	190
2574	191	190
2575	191	190
2576	190	191
2577	190	190
2578	191	190
2579	190	190
2580	190	190
2581	190	191
2582	190	190
2583	191	191
2584	190	190
2585	190	190
2586	190	190
2587	190	190
2588	191	191
2589	191	190
2590	191	190
2591	191	190
2592	191	190
2593	191	190
2594	191	190
2595	191	190
2596	191	190
2597	190	191
2598	190	190
2599	190	191
2600	191	190
2601	191	190
2602	190	189
2603	190	190
2604	190	190
2605	191	190
2606	191	191
2607	191	191
2608	191	190
2609	190	190
2610	191	190
2611	191	190
2612	190	190
2613	190	190
2614	190	190
2615	191	190
2616	190	190
2617	191	190
2618	191	190
2619	191	190
2620	191	190
2621	191	190
2622	191	190
2623	191	190
2624	190	190
2625	191	191
2626	190	190
2627	190	191
2628	190	190
2629	190	190
2630	190	190
2631	191	190
2632	191	190
2633	191	190
2634	190	191
2635	190	191
2636	191	190
2637	190	190
2638	191	190
2639	191	190
2640	190	190
2641	191	190
2642	191	190
2643	190	190
2644	190	190
2645	191	190
2646	191	190
2647	191	190
2648	191	191
2649	191	191
2650	190	190
2651	190	190
2652	191	191
2653	190	190
2654	191	190
2655	191	190
2656	191	190
2657	191	190
2658	191	191
2659	190	190
2660	191	190
2661	191	190
2662	190	190
2663	191	190
2664	190	190
2665	191	190
2666	190	191
2667	191	190
2668	190	191
2669	190	190
2670	191	190
2671	191	191
2672	190	190
2673	191	190
2674	191	190
2675	190	190
2676	190	190
2677	191	190
2678	190	190
2679	191	191
2680	191	190
2681	191	190
2682	190	190
2683	190	190
2684	190	190
2685	190	190
2686	191	190
2687	191	191
2688	190	191
2689	190	191
2690	191	190
2691	191	190
2692	190	190
2693	190	190
2694	191	190
2695	191	190
2696	191	190
2697	190	190
2698	191	191
2699	191	190
2700	190	190
2701	190	190
2702	191	190
2703	191	190
2704	191	190
2705	191	190
2706	191	190
2707	190	190
2708	191	190
2709	190	191
2710	190	190
2711	191	190
2712	190	190
2713	190	190
2714	190	190
2715	190	190
2716	191	190
2717	190	190
2718	190	190
2719	191	190
2720	191	191
2721	191	191
2722	191	190
2723	190	190
2724	191	190
2725	190	190
2726	190	190
2727	191	190
2728	191	191
2729	190	190
2730	191	190
2731	191	190
2732	190	190
2733	190	191
2734	191	190
2735	191	191
2736	190	190
2737	190	190
2738	191	190
2739	190	189
2740	191	190
2741	191	190
2742	191	191
2743	191	191
2744	190	190
2745	191	190
2746	190	191
2747	191	190
2748	191	190
2749	191	190
2750	190	190
2751	191	190
2752	190	190
2753	191	191
2754	191	190
2755	191	190
2756	190	190
2757	191	190
2758	191	190
2759	191	191
2760	190	190
2761	191	190
2762	191	190
2763	191	190
2764	191	191
2765	191	190
2766	191	190
2767	191	190
2768	191	190
2769	190	190
2770	191	190
2771	191	191
2772	191	190
2773	191	190
2774	191	190
2775	191	190
2776	191	190
2777	190	190
2778	190	191
2779	191	190
2780	191	190
2781	190	190
2782	190	190
2783	191	190
2784	190	190
2785	190	190
2786	190	191
2787	191	190
2788	191	190
2789	190	190
2790	191	190
2791	191	190
2792	191	190
2793	190	190
2794	191	190
2795	190	190
2796	190	190
2797	190	190
2798	190	190
2799	191	191
2800	190	191
2801	191	190
2802	191	190
2803	190	190
2804	190	190
2805	191	190
2806	190	190
2807	190	191
2808	191	190
2809	190	190
2810	190	190
2811	190	190
2812	191	190
2813	191	190
2814	190	190
2815	191	190
2816	190	191
2817	190	190
2818	191	190
2819	191	190
2820	190	190
2821	191	190
2822	191	190
2823	191	190
2824	191	190
2825	190	190
2826	190	190
2827	191	190
2828	191	190
2829	191	190
2830	190	190
2831	191	190
2832	191	190
2833	191	191
2834	191	190
2835	191	190
2836	190	190
2837	191	190
2838	190	190
2839	191	190
2840	190	190
2841	191	190
2842	191	191
2843	190	191
2844	191	190
2845	190	190
2846	191	190
2847	191	190
2848	191	190
2849	191	190
2850	190	190
2851	191	190
2852	191	190
2853	191	190
2854	191	190
2855	191	190
2856	191	190
2857	191	191
2858	190	190
2859	191	190
2860	190	191
2861	191	190
2862	191	190
2863	191	190
2864	191	191
2865	190	191
2866	190	191
2867	191	190
2868	190	190
2869	190	190
2870	191	190
2871	191	191
2872	191	190
2873	191	190
2874	190	190
2875	191	190
2876	190	189
2877	190	190
2878	177	89
2879	164	88
2880	153	87
2881	143	87
2882	134	87
2883	127	86
2884	121	86
2885	116	86
2886	111	86
2887	108	86
2888	104	85
2889	101	86
2890	100	86
2891	97	86
2892	96	86
2893	95	85
2894	93	85
2895	92	86
2896	91	86
2897	91	86
2898	90	85
2899	89	86
2900	89	85
2901	89	85
2902	88	86
2903	88	86
2904	88	86
2905	87	85
2906	87	86
2907	87	86
2908	87	86
2909	87	86
2910	87	86
2911	87	86
2912	87	86
2913	87	85
2914	87	86
2915	87	86
2916	86	86
2917	86	86
2918	86	86
2919	87	86
2920	86	86
2921	86	86
2922	86	86
2923	86	86
2924	86	86
2925	86	85
2926	86	86
2927	86	86
2928	86	86
2929	86	86
2930	86	86
2931	86	86
2932	86	86
2933	86	86
2934	86	85
2935	86	86
2936	86	86
2937	86	86
2938	86	85
2939	86	86
2940	86	86
2941	86	85
2942	86	86
2943	86	86
2944	86	86
2945	86	86
2946	86	86
2947	86	86
2948	86	86
2949	86	86
2950	86	85
2951	86	86
2952	86	86
2953	86	86
2954	86	86
2955	86	86
2956	86	86
2957	86	86
2958	86	86
2959	86	86
2960	86	86
2961	86	86
2962	86	86
2963	86	85
2964	86	86
2965	86	86
2966	86	86
2967	86	86
2968	86	86
2969	86	85
2970	86	86
2971	86	86
2972	86	86
2973	86	86
2974	86	86
2975	86	85
2976	86	86
2977	86	86
2978	86	86
2979	86	86
2980	86	86
2981	85	86
2982	86	86
2983	86	86
2984	86	86
2985	86	85
2986	86	86
2987	86	86
2988	86	86
2989	86	86
2990	86	86
2991	86	86
2992	86	86
2993	86	86
2994	86	86
2995	86	86
2996	86	86
2997	85	86
2998	86	86
2999	86	86
3000	86	85
3001	86	86
3002	86	86
3003	86	86
3004	86	86
3005	86	86
3006	86	86
3007	86	86
3008	86	86
3009	86	86
3010	86	86
3011	86	86
3012	86	86
3013	86	85
3014	86	86
3015	86	86
3016	86	86
3017	85	86
3018	86	86
3019	86	86
3020	86	86
3021	86	86
3022	86	86
3023	86	86
3024	86	86
3025	86	85
3026	86	86
3027	86	86
3028	85	86
3029	86	86
3030	86	86
3031	86	86
3032	86	86
3033	86	86
3034	86	86
3035	86	86
3036	86	86
3037	86	86
3038	86	86
3039	86	86
3040	86	86
3041	86	86
3042	86	86
3043	86	86
3044	86	86
3045	86	86
3046	86	86
3047	86	86
3048	86	86
3049	86	86
3050	86	86
3051	86	86
3052	85	86
3053	86	86
3054	85	86
3055	86	86
3056	86	86
3057	86	86
3058	86	86
3059	86	86
3060	86	86
3061	85	86
3062	86	86
3063	86	86
3064	86	86
3065	86	86
3066	86	86
3067	86	86
3068	86	86
3069	86	86
3070	86	86
3071	86	86
3072	86	86
3073	86	86
3074	86	85
3075	86	86
3076	86	86
3077	86	86
3078	86	86
3079	86	86
3080	86	86
3081	86	86
3082	86	86
3083	86	85
3084	86	86
3085	86	86
3086	86	86
3087	86	86
3088	86	86
3089	86	86
3090	86	86
3091	86	86
3092	86	86
3093	86	86
3094	86	86
3095	86	86
3096	86	86
3097	86	86
3098	86	86
3099	85	86
3100	86	85
3101	86	86
3102	86	86
3103	86	86
3104	86	86
3105	86	86
3106	86	85
3107	86	86
3108	86	85
3109	86	86
3110	86	86
3111	86	86
3112	86	85
3113	85	86
3114	86	86
3115	86	86
3116	86	86
3117	86	86
3118	85	86
3119	86	86
3120	86	86
3121	86	86
3122	86	86
3123	85	86
3124	86	86
3125	86	85
3126	86	86
3127	86	86
3128	86	86
3129	86	86
3130	86	86
3131	86	86
3132	86	86
3133	86	85
3134	85	86
3135	86	86
3136	86	86
3137	85	86
3138	86	86
3139	86	86
3140	86	86
3141	86	86
3142	86	86
3143	86	86
3144	86	86
3145	85	86
3146	86	86
3147	86	86
3148	86	86
3149	86	86
3150	85	85
3151	86	86
3152	86	86
3153	86	86
3154	86	86
3155	86	86
3156	86	85
3157	86	86
3158	86	86
3159	86	86
3160	86	86
3161	86	85
3162	86	85
3163	86	86
3164	86	86
3165	86	86
3166	86	86
3167	86	86
3168	86	86
3169	86	86
3170	86	86
3171	86	86
3172	86	86
3173	86	85
3174	86	86
3175	86	86
3176	86	86
3177	86	86
3178	86	86
3179	86	85
3180	85	86
3181	86	86
3182	86	86
3183	86	86
3184	86	86
3185	86	86
3186	85	86
3187	86	86
3188	86	86
3189	86	86
3190	86	86
3191	86	86
3192	86	86
3193	85	86
3194	86	86
3195	85	86
3196	86	86
3197	86	86
3198	86	86
3199	86	86
3200	86	86
3201	86	86
3202	86	86
3203	86	86
3204	86	86
3205	85	86
3206	86	86
3207	86	86
3208	86	86
3209	86	86
3210	86	86
3211	86	86
3212	86	86
3213	86	86
3214	85	86
3215	86	86
3216	85	86
3217	86	86
3218	86	86
3219	86	86
3220	86	86
3221	86	86
3222	85	86
3223	86	86
3224	86	85
3225	85	86
3226	86	86
3227	86	86
3228	86	86
3229	86	86
3230	86	86
3231	86	86
3232	86	86
3233	86	86
3234	86	86
3235	85	86
3236	85	86
3237	86	85
3238	86	86
3239	86	86
3240	86	86
3241	86	86
3242	85	86
3243	86	86
3244	86	86
3245	85	86
3246	86	86
3247	86	86
3248	86	86
3249	86	85
3250	85	86
3251	86	86
3252	86	86
3253	86	86
3254	86	86
3255	86	86
3256	86	86
3257	86	86
3258	86	86
3259	85	86
3260	85	86
3261	86	86
3262	86	86
3263	86	86
3264	86	86
3265	85	86
3266	85	86
3267	86	86
3268	86	86
3269	86	86
3270	86	86
3271	86	86
3272	86	86
3273	86	86
3274	86	85
3275	86	86
3276	85	86
3277	86	86
3278	86	86
3279	86	86
3280	86	86
3281	86	86
3282	86	86
3283	86	86
3284	86	86
3285	86	86
3286	86	86
3287	86	85
3288	86	86
3289	86	86
3290	86	86
3291	86	86
3292	86	86
3293	86	86
3294	86	86
3295	86	86
3296	86	86
3297	86	86
3298	85	86
3299	86	86
3300	85	86
3301	86	86
3302	86	86
3303	86	86
3304	86	86
3305	86	86
3306	86	86
3307	86	86
3308	86	86
3309	86	86
3310	86	86
3311	86	86
3312	86	86
3313	85	85
3314	86	86
3315	86	86
3316	86	86
3317	86	86
3318	86	86
3319	86	86
3320	86	86
3321	86	86
3322	86	86
3323	86	86
3324	86	85
3325	86	86
3326	86	86
3327	86	86
3328	86	86
3329	86	86
3330	86	86
3331	86	86
3332	85	86
3333	86	86
3334	85	86
3335	86	86
3336	86	86
3337	86	86
3338	86	86
3339	85	86
3340	86	86
3341	86	86
3342	86	86
3343	86	86
3344	86	86
3345	85	86
3346	86	86
3347	86	86
3348	85	86
3349	86	85
3350	86	85
3351	86	86
3352	86	86
3353	86	86
3354	86	86
3355	86	86
3356	86	86
3357	86	86
3358	86	86
3359	86	86
3360	86	86
3361	86	86
3362	86	86
3363	86	86
3364	86	86
3365	86	86
3366	86	86
3367	86	86
3368	86	86
3369	86	86
3370	85	86
3371	86	86
3372	86	85
3373	86	86
3374	86	85
3375	86	86
3376	86	86
3377	86	86
3378	86	86
3379	86	86
3380	85	85
3381	86	86
3382	86	86
3383	86	86
3384	86	86
3385	85	86
3386	86	85
3387	86	86
3388	86	86
3389	85	86
3390	86	86
3391	86	86
3392	86	86
3393	86	86
3394	86	86
3395	86	86
3396	86	86
3397	86	86
3398	86	86
3399	86	86
3400	86	86
3401	86	86
3402	86	86
3403	85	86
3404	86	86
3405	86	86
3406	86	86
3407	86	86
3408	86	86
3409	86	86
3410	86	86
3411	86	86
3412	86	86
3413	86	86
3414	86	86
3415	86	86
3416	86	86
3417	86	86
3418	86	86
3419	86	86
3420	85	86
3421	86	86
3422	86	86
3423	86	86
3424	85	85
3425	86	86
3426	86	86
3427	86	86
3428	86	86
3429	86	86
3430	85	86
3431	86	86
3432	86	86
3433	86	86
3434	86	86
3435	86	85
3436	86	85
3437	86	86
3438	86	86
3439	86	86
3440	86	86
3441	86	86
3442	85	86
3443	86	86
3444	85	86
3445	86	86
3446	86	86
3447	86	86
3448	86	86
3449	85	86
3450	86	86
3451	86	86
3452	86	86
3453	86	86
3454	86	86
3455	86	86
3456	86	86
3457	86	86
3458	86	86
3459	86	86
3460	86	86
3461	85	85
3462	86	86
3463	86	86
3464	86	86
3465	86	86
3466	86	86
3467	85	86
3468	86	86
3469	86	86
3470	86	86
3471	86	86
3472	86	86
3473	86	86
3474	85	86
3475	86	86
3476	86	86
3477	86	86
3478	86	86
3479	86	86
3480	86	86
3481	86	86
3482	86	86
3483	86	86
3484	86	86
3485	85	86
3486	85	85
3487	86	86
3488	86	86
3489	86	86
3490	86	86
3491	86	86
3492	86	85
3493	86	86
3494	86	86
3495	86	86
3496	86	86
3497	86	86
3498	85	86
3499	85	85
3500	86	86
3501	86	86
3502	86	86
3503	99	187
3504	112	188
3505	124	189
3506	134	189
3507	143	189
3508	149	189
3509	155	190
3510	161	190
3511	165	189
3512	169	190
3513	172	190
3514	174	190
3515	177	190
3516	179	191
3517	180	190
3518	181	191
3519	183	191
3520	184	190
3521	185	190
3522	186	190
3523	186	190
3524	187	190
3525	187	190
3526	188	191
3527	188	191
3528	188	191
3529	188	191
3530	189	190
3531	189	190
3532	189	190
3533	189	190
3534	189	191
3535	190	191
3536	189	190
3537	190	190
3538	189	190
3539	190	190
3540	190	190
3541	190	190
3542	190	191
3543	190	191
3544	190	190
3545	190	191
3546	190	190
3547	190	190
3548	190	190
3549	190	190
3550	190	191
3551	190	190
3552	190	190
3553	190	190
3554	190	190
3555	190	190
3556	190	190
3557	190	190
3558	190	190
3559	191	190
3560	190	191
3561	190	190
3562	190	190
3563	190	190
3564	190	190
3565	190	190
3566	190	190
3567	191	190
3568	190	190
3569	190	190
3570	190	190
3571	190	190
3572	190	190
3573	190	190
3574	190	190
3575	191	190
3576	190	190
3577	190	190
3578	190	190
3579	190	190
3580	190	190
3581	190	190
3582	190	190
3583	190	190
3584	190	190
3585	190	190
3586	190	190
3587	190	190
3588	190	190
3589	190	190
3590	190	190
3591	190	190
3592	190	190
3593	190	190
3594	190	190
3595	190	190
3596	190	190
3597	190	190
3598	190	190
3599	191	190
3600	190	190
3601	191	190
3602	190	190
3603	190	190
3604	190	190
3605	190	190
3606	190	190
3607	191	191
3608	190	190
3609	190	190
3610	190	190
3611	190	190
3612	190	191
3613	190	190
3614	190	190
3615	191	190
3616	190	191
3617	191	191
3618	190	190
3619	190	190
3620	190	190
3621	190	190
3622	190	190
3623	191	190
3624	190	191
3625	190	190
3626	190	190
3627	190	191
3628	191	191
3629	190	190
3630	190	190
3631	191	190
3632	190	190
3633	191	190
3634	190	190
3635	190	190
3636	190	190
3637	190	190
3638	190	190
3639	191	191
3640	191	190
3641	190	190
3642	190	190
3643	190	190
3644	191	191
3645	190	190
3646	190	190
3647	191	191
3648	190	190
3649	190	190
3650	190	190
3651	191	190
3652	191	190
3653	190	190
3654	191	190
3655	191	191
3656	190	190
3657	191	190
3658	191	190
3659	190	190
3660	191	189
3661	191	190
3662	190	190
3663	190	191
3664	190	190
3665	191	190
3666	190	190
3667	190	190
3668	190	190
3669	191	190
3670	191	190
3671	191	190
3672	190	190
3673	190	190
3674	191	190
3675	191	190
3676	190	191
3677	190	190
3678	190	190
3679	191	191
3680	190	190
3681	190	190
3682	191	190
3683	190	190
3684	191	190
3685	190	190
3686	191	190
3687	191	190
3688	190	190
3689	190	190
3690	190	190
3691	190	190
3692	190	190
3693	190	190
3694	190	190
3695	191	190
3696	190	190
3697	191	190
3698	190	189
3699	190	190
3700	190	190
3701	190	190
3702	190	190
3703	191	190
3704	190	190
3705	190	190
3706	191	190
3707	190	190
3708	191	190
3709	190	190
3710	190	190
3711	191	191
3712	190	190
3713	191	191
3714	191	190
3715	191	190
3716	190	190
3717	190	190
3718	190	190
3719	191	190
3720	190	190
3721	190	190
3722	190	190
3723	191	190
3724	191	190
3725	190	190
3726	190	190
3727	191	190
3728	191	190
3729	190	190
3730	190	190
3731	191	190
3732	191	190
3733	190	190
3734	190	190
3735	190	190
3736	190	191
3737	191	190
3738	191	190
3739	190	190
3740	191	190
3741	190	190
3742	190	190
3743	191	190
3744	190	190
3745	191	190
3746	191	190
3747	191	190
3748	191	190
3749	190	190
3750	190	191
3751	190	190
3752	190	190
3753	191	190
3754	191	190
3755	190	190
3756	191	190
3757	190	190
3758	191	190
3759	191	190
3760	190	190
3761	190	190
3762	190	190
3763	191	190
3764	190	190
3765	191	190
3766	191	190
3767	191	190
3768	191	190
3769	191	190
3770	191	190
3771	190	190
3772	191	190
3773	191	190
3774	191	190
3775	191	190
3776	191	191
3777	191	191
3778	191	190
3779	190	190
3780	191	190
3781	190	190
3782	191	190
3783	191	191
3784	190	190
3785	190	190
3786	191	190
3787	191	190
3788	191	190
3789	190	190
3790	190	190
3791	191	190
3792	191	190
3793	191	190
3794	191	190
3795	190	190
3796	190	190
3797	190	190
3798	191	190
3799	191	190
3800	190	190
3801	191	191
3802	190	190
3803	190	190
3804	190	190
3805	190	190
3806	190	191
3807	191	190
3808	190	190
3809	191	191
3810	190	190
3811	190	190
3812	190	190
3813	191	190
3814	191	190
3815	191	190
3816	190	191
3817	191	191
3818	190	190
3819	190	190
3820	190	190
3821	190	190
3822	190	190
3823	191	191
3824	191	190
3825	191	190
3826	190	190
3827	190	190
3828	190	190
3829	191	190
3830	191	190
3831	191	190
3832	191	190
3833	190	190
3834	190	190
3835	190	189
3836	191	190
3837	191	190
3838	191	190
3839	191	190
3840	191	190
3841	191	190
3842	190	190
3843	191	190
3844	191	190
3845	190	190
3846	191	190
3847	191	190
3848	191	190
3849	190	190
3850	191	190
3851	191	190
3852	191	190
3853	191	190
3854	191	190
3855	191	190
3856	191	190
3857	191	190
3858	190	190
3859	191	190
3860	190	190
3861	190	190
3862	191	190
3863	191	190
3864	190	190
3865	190	190
3866	191	190
3867	191	190
3868	191	190
3869	191	190
3870	191	190
3871	191	191
3872	191	190
3873	190	190
3874	190	191
3875	190	190
3876	191	190
3877	190	190
3878	190	191
3879	191	190
3880	191	190
3881	190	190
3882	190	190
3883	191	190
3884	190	190
3885	190	190
3886	190	191
3887	191	191
3888	190	190
3889	190	190
3890	190	190
3891	190	190
3892	191	190
3893	190	190
3894	190	190
3895	191	190
3896	191	190
3897	191	190
3898	190	190
3899	191	190
3900	190	190
3901	190	190
3902	191	190
3903	190	190
3904	191	190
3905	191	190
3906	191	190
3907	191	190
3908	191	190
3909	190	190
3910	190	190
3911	191	190
3912	190	190
3913	191	190
3914	191	190
3915	191	190
3916	191	190
3917	190	191
3918	191	190
3919	191	190
3920	191	190
3921	191	190
3922	190	190
3923	190	190
3924	190	190
3925	191	190
3926	190	190
3927	191	190
3928	191	190
3929	191	191
3930	190	190
3931	190	190
3932	190	190
3933	190	190
3934	190	190
3935	191	190
3936	190	190
3937	191	190
3938	191	190
3939	190	190
3940	190	190
3941	191	190
3942	191	190
3943	191	190
3944	191	190
3945	191	190
3946	190	191
3947	190	190
3948	191	191
3949	191	190
3950	190	190
3951	191	190
3952	191	190
3953	190	191
3954	190	190
3955	191	190
3956	190	191
3957	191	190
3958	190	191
3959	191	190
3960	190	190
3961	191	190
3962	191	190
3963	190	190
3964	191	190
3965	191	190
3966	191	190
3967	191	190
3968	191	190
3969	191	190
3970	190	190
3971	191	190
3972	190	189
3973	191	190
3974	190	190
3975	191	190
3976	191	190
3977	191	190
3978	190	191
3979	191	190
3980	191	191
3981	190	190
3982	190	190
3983	191	190
3984	190	190
3985	191	190
3986	191	190
3987	190	190
3988	190	190
3989	191	190
3990	191	190
3991	191	190
3992	191	191
3993	191	190
3994	191	190
3995	191	190
3996	191	190
3997	191	191
3998	191	190
3999	191	190
4000	190	190
4001	191	191
4002	190	190
4003	191	190
4004	190	190
4005	190	190
4006	191	190
4007	191	190
4008	190	190
4009	190	190
4010	191	190
4011	191	190
4012	190	190
4013	190	190
4014	191	191
4015	191	190
4016	191	190
4017	190	190
4018	190	190
4019	190	190
4020	190	190
4021	191	191
4022	190	190
4023	191	190
4024	191	190
4025	190	190
4026	191	190
4027	190	190
4028	191	191
4029	191	190
4030	191	191
4031	191	191
4032	191	190
4033	191	190
4034	190	189
4035	191	190
4036	190	190
4037	191	190
4038	191	190
4039	191	190
4040	190	191
4041	190	190
4042	191	190
4043	190	190
4044	190	190
4045	190	190
4046	190	190
4047	191	190
4048	190	190
4049	191	190
4050	190	190
4051	190	190
4052	190	190
4053	191	190
4054	190	190
4055	191	190
4056	190	190
4057	190	190
4058	190	190
4059	191	190
4060	190	190
4061	190	190
4062	191	190
4063	191	190
4064	191	190
4065	190	190
4066	190	190
4067	190	190
4068	191	190
4069	190	190
4070	191	190
4071	191	190
4072	190	190
4073	191	191
4074	191	190
4075	191	190
4076	191	190
4077	190	190
4078	191	190
4079	191	191
4080	191	190
4081	190	190
4082	191	190
4083	191	190
4084	190	190
4085	191	191
4086	190	190
4087	191	190
4088	191	190
4089	190	190
4090	191	191
4091	191	190
4092	191	190
4093	191	190
4094	191	190
4095	191	190
