
TIME STEP:
125 = 1ms

VOLTAGE STEP:
CH1:  32 = 0.3V
CH2:  32 = 0.3V
GND	138	132
N	CH1	CH2

0	127	191
1	128	190
2	127	190
3	127	191
4	127	190
5	127	190
6	127	190
7	127	191
8	127	191
9	127	190
10	128	190
11	127	190
12	127	190
13	127	191
14	127	191
15	127	190
16	128	190
17	127	190
18	127	190
19	127	191
20	127	191
21	128	190
22	127	191
23	127	190
24	127	190
25	127	191
26	127	191
27	128	191
28	127	191
29	127	190
30	127	191
31	127	191
32	127	191
33	127	190
34	127	190
35	127	190
36	128	190
37	127	190
38	127	190
39	127	190
40	127	191
41	127	191
42	127	190
43	127	191
44	127	191
45	127	190
46	127	190
47	127	191
48	127	190
49	127	190
50	127	191
51	127	190
52	127	190
53	127	190
54	127	190
55	127	191
56	127	190
57	127	190
58	127	191
59	127	191
60	127	191
61	127	190
62	127	190
63	127	191
64	127	191
65	127	190
66	127	190
67	127	191
68	127	191
69	127	190
70	127	190
71	127	191
72	127	190
73	127	190
74	127	190
75	128	190
76	127	190
77	127	190
78	127	190
79	127	191
80	127	190
81	127	190
82	128	190
83	127	190
84	127	190
85	127	191
86	127	190
87	127	190
88	127	190
89	127	190
90	127	190
91	127	190
92	127	190
93	127	190
94	127	190
95	127	190
96	127	190
97	127	190
98	127	191
99	127	190
100	127	190
101	127	190
102	127	190
103	127	190
104	127	191
105	127	191
106	127	190
107	127	190
108	127	191
109	127	190
110	127	190
111	127	190
112	128	190
113	127	190
114	127	191
115	127	190
116	127	190
117	127	191
118	128	190
119	127	190
120	127	190
121	127	190
122	127	190
123	127	190
124	127	190
125	127	191
126	127	190
127	127	190
128	127	190
129	127	190
130	127	190
131	127	190
132	127	191
133	127	191
134	127	190
135	127	191
136	127	190
137	127	190
138	127	191
139	127	191
140	127	190
141	127	190
142	127	190
143	127	191
144	127	191
145	127	190
146	127	190
147	127	190
148	127	190
149	127	190
150	127	190
151	127	191
152	127	191
153	127	190
154	127	190
155	127	190
156	127	190
157	127	190
158	127	190
159	127	190
160	127	190
161	127	190
162	127	190
163	127	190
164	127	190
165	127	190
166	127	190
167	127	191
168	127	191
169	127	191
170	128	190
171	127	190
172	127	190
173	127	190
174	127	191
175	127	190
176	127	190
177	127	191
178	127	190
179	127	190
180	127	191
181	127	190
182	127	190
183	127	190
184	127	191
185	127	190
186	127	191
187	127	190
188	127	191
189	127	191
190	127	190
191	128	190
192	127	190
193	127	191
194	128	190
195	127	190
196	127	191
197	127	191
198	127	190
199	127	190
200	127	190
201	127	191
202	127	191
203	128	191
204	127	190
205	127	190
206	127	190
207	127	190
208	127	190
209	127	190
210	128	190
211	128	191
212	127	191
213	127	190
214	127	190
215	127	190
216	127	190
217	127	190
218	127	190
219	127	191
220	127	190
221	127	190
222	127	191
223	127	190
224	127	190
225	127	190
226	127	190
227	127	191
228	127	190
229	127	190
230	127	190
231	127	191
232	127	191
233	127	190
234	127	190
235	127	190
236	127	190
237	127	191
238	127	190
239	127	190
240	127	191
241	127	190
242	127	191
243	127	190
244	127	190
245	127	191
246	127	190
247	127	190
248	127	190
249	127	190
250	127	190
251	127	190
252	127	190
253	127	190
254	127	191
255	127	191
256	127	191
257	127	190
258	127	190
259	127	190
260	127	190
261	127	191
262	127	190
263	127	191
264	127	191
265	127	190
266	127	191
267	127	190
268	127	191
269	127	190
270	127	190
271	127	191
272	127	191
273	127	190
274	127	190
275	127	190
276	127	191
277	127	191
278	127	190
279	127	190
280	127	190
281	128	190
282	127	190
283	127	190
284	127	190
285	127	190
286	127	190
287	127	190
288	127	190
289	127	190
290	127	190
291	127	191
292	127	191
293	127	190
294	127	190
295	128	191
296	127	190
297	127	190
298	127	190
299	128	191
300	127	190
301	127	190
302	127	191
303	127	191
304	127	191
305	127	190
306	127	190
307	128	190
308	127	190
309	127	190
310	127	190
311	127	190
312	127	191
313	127	191
314	127	190
315	128	191
316	127	191
317	127	190
318	128	190
319	127	191
320	128	190
321	127	190
322	127	190
323	127	190
324	127	190
325	127	190
326	127	190
327	128	191
328	127	190
329	127	190
330	127	190
331	127	190
332	127	191
333	127	190
334	127	190
335	127	190
336	127	190
337	127	190
338	127	190
339	127	190
340	127	190
341	127	190
342	127	191
343	127	190
344	127	190
345	127	190
346	127	190
347	128	191
348	127	191
349	127	190
350	127	190
351	128	190
352	127	190
353	127	190
354	127	190
355	127	190
356	127	191
357	127	190
358	127	190
359	127	191
360	127	190
361	127	190
362	127	190
363	127	190
364	127	190
365	127	191
366	127	190
367	127	190
368	127	190
369	127	190
370	127	191
371	127	190
372	127	190
373	127	190
374	127	190
375	127	190
376	127	190
377	127	190
378	127	190
379	127	190
380	127	190
381	127	190
382	127	190
383	127	190
384	127	190
385	127	190
386	127	191
387	127	190
388	127	190
389	127	190
390	127	190
391	127	191
392	127	190
393	37	90
394	49	88
395	60	87
396	70	87
397	78	86
398	86	87
399	91	87
400	97	87
401	101	86
402	105	86
403	108	86
404	111	86
405	113	86
406	115	86
407	116	86
408	118	85
409	119	85
410	120	85
411	121	86
412	122	86
413	123	86
414	123	86
415	124	86
416	124	86
417	125	86
418	125	86
419	125	86
420	125	86
421	125	86
422	125	85
423	126	86
424	126	86
425	126	86
426	126	86
427	126	86
428	126	86
429	126	86
430	126	86
431	127	86
432	127	86
433	127	86
434	127	86
435	127	85
436	126	86
437	127	86
438	127	86
439	126	86
440	127	86
441	127	86
442	127	86
443	127	86
444	127	86
445	127	86
446	126	86
447	127	86
448	127	86
449	127	86
450	127	86
451	127	86
452	127	86
453	127	86
454	127	86
455	127	86
456	127	86
457	127	86
458	127	86
459	127	86
460	127	86
461	127	86
462	127	86
463	127	86
464	127	86
465	127	86
466	127	86
467	127	86
468	127	86
469	127	86
470	127	86
471	127	86
472	127	86
473	127	86
474	127	86
475	127	86
476	127	86
477	127	86
478	127	86
479	127	86
480	127	86
481	127	86
482	127	86
483	127	86
484	127	86
485	127	86
486	127	86
487	127	86
488	127	86
489	127	86
490	127	86
491	127	86
492	127	86
493	127	86
494	127	86
495	127	86
496	127	86
497	127	85
498	127	86
499	127	86
500	127	86
501	127	86
502	127	86
503	127	86
504	127	86
505	127	86
506	127	86
507	127	86
508	127	86
509	127	86
510	127	86
511	127	86
512	127	86
513	127	86
514	127	86
515	127	86
516	127	86
517	127	86
518	127	86
519	127	86
520	127	86
521	127	86
522	127	86
523	127	86
524	127	85
525	127	86
526	127	86
527	127	86
528	127	87
529	128	86
530	127	86
531	127	86
532	127	86
533	127	86
534	127	86
535	127	86
536	127	86
537	127	86
538	127	86
539	127	86
540	127	86
541	127	86
542	127	86
543	127	86
544	127	86
545	127	86
546	127	86
547	127	85
548	127	86
549	127	86
550	127	86
551	127	86
552	127	86
553	127	86
554	127	86
555	127	86
556	127	86
557	127	86
558	127	86
559	127	86
560	127	86
561	127	86
562	127	86
563	127	86
564	127	86
565	127	86
566	127	86
567	127	86
568	127	86
569	127	86
570	127	86
571	127	86
572	127	86
573	127	86
574	127	86
575	127	86
576	127	86
577	127	86
578	127	86
579	127	86
580	127	86
581	127	86
582	127	86
583	127	86
584	127	85
585	127	86
586	127	86
587	127	86
588	126	86
589	127	86
590	127	86
591	127	86
592	127	86
593	127	86
594	127	86
595	127	85
596	127	86
597	127	86
598	127	86
599	127	86
600	127	86
601	127	86
602	127	86
603	127	86
604	127	86
605	127	86
606	127	86
607	127	86
608	127	86
609	127	86
610	127	86
611	127	86
612	127	86
613	127	86
614	127	86
615	127	86
616	127	86
617	127	86
618	127	86
619	127	86
620	127	86
621	127	86
622	127	86
623	127	86
624	127	86
625	127	86
626	127	86
627	127	86
628	127	86
629	127	86
630	127	86
631	127	86
632	127	86
633	127	86
634	127	85
635	127	86
636	127	86
637	127	86
638	127	86
639	127	86
640	127	86
641	127	86
642	127	86
643	127	86
644	127	86
645	127	86
646	127	85
647	127	86
648	127	86
649	127	86
650	127	86
651	127	86
652	127	86
653	127	86
654	127	86
655	127	86
656	127	86
657	127	86
658	127	86
659	127	85
660	128	86
661	127	86
662	127	86
663	127	86
664	127	86
665	127	87
666	127	86
667	127	86
668	127	86
669	127	86
670	127	86
671	127	86
672	127	86
673	127	87
674	127	86
675	127	86
676	127	86
677	127	86
678	127	86
679	127	86
680	127	86
681	127	86
682	127	86
683	127	86
684	127	85
685	127	86
686	127	86
687	127	86
688	127	86
689	127	86
690	127	86
691	127	86
692	127	86
693	127	86
694	127	86
695	127	86
696	127	85
697	127	86
698	127	87
699	127	86
700	128	86
701	127	86
702	127	86
703	127	86
704	127	86
705	127	86
706	127	86
707	127	86
708	127	86
709	127	86
710	127	86
711	127	86
712	127	86
713	128	86
714	127	86
715	127	86
716	127	86
717	127	86
718	127	86
719	127	86
720	127	86
721	127	85
722	127	86
723	127	86
724	127	86
725	127	86
726	127	86
727	127	86
728	127	86
729	127	86
730	127	86
731	127	86
732	127	86
733	127	86
734	127	86
735	127	86
736	127	86
737	127	86
738	127	86
739	127	86
740	127	86
741	127	86
742	127	86
743	127	86
744	127	86
745	128	86
746	127	85
747	127	86
748	127	86
749	127	86
750	127	86
751	127	86
752	127	86
753	127	86
754	127	86
755	127	86
756	127	86
757	127	86
758	127	86
759	127	86
760	127	86
761	127	86
762	127	86
763	127	86
764	127	86
765	127	86
766	127	86
767	127	86
768	128	86
769	127	86
770	127	86
771	127	85
772	127	86
773	127	86
774	127	86
775	127	86
776	127	86
777	127	86
778	127	86
779	127	86
780	127	86
781	127	86
782	127	86
783	127	86
784	127	86
785	127	86
786	127	86
787	127	86
788	127	86
789	127	86
790	127	86
791	127	86
792	127	86
793	127	86
794	127	86
795	127	86
796	127	86
797	127	86
798	127	86
799	127	86
800	127	86
801	127	86
802	127	86
803	127	86
804	127	86
805	127	86
806	127	86
807	127	86
808	127	86
809	127	86
810	127	86
811	127	86
812	127	86
813	127	86
814	127	86
815	127	86
816	127	86
817	127	86
818	127	86
819	127	85
820	127	86
821	127	85
822	127	86
823	127	86
824	127	86
825	128	86
826	127	86
827	127	86
828	127	86
829	127	86
830	127	86
831	127	86
832	127	86
833	127	86
834	127	86
835	127	86
836	127	86
837	127	86
838	127	86
839	127	86
840	127	86
841	127	86
842	127	86
843	127	86
844	127	86
845	127	86
846	127	86
847	127	86
848	127	86
849	127	86
850	127	86
851	127	86
852	127	86
853	127	86
854	127	86
855	127	86
856	128	86
857	127	86
858	127	85
859	127	86
860	127	86
861	127	86
862	127	86
863	127	86
864	127	86
865	127	86
866	127	86
867	127	86
868	127	86
869	127	86
870	127	86
871	127	86
872	127	86
873	127	86
874	127	86
875	128	86
876	127	86
877	127	86
878	127	86
879	127	86
880	128	86
881	128	86
882	127	86
883	127	86
884	127	86
885	127	86
886	127	86
887	127	86
888	127	86
889	127	86
890	127	86
891	127	86
892	127	86
893	127	86
894	127	86
895	127	86
896	127	86
897	127	86
898	127	86
899	127	86
900	127	86
901	127	86
902	127	86
903	127	86
904	127	86
905	127	86
906	127	86
907	127	86
908	127	86
909	127	86
910	127	86
911	127	86
912	127	86
913	127	86
914	127	86
915	127	86
916	127	86
917	127	86
918	127	86
919	127	86
920	127	86
921	127	86
922	127	86
923	127	86
924	127	86
925	127	86
926	127	86
927	127	86
928	128	86
929	127	86
930	127	86
931	127	86
932	127	86
933	127	85
934	127	86
935	127	86
936	127	86
937	127	86
938	127	86
939	127	86
940	127	86
941	127	86
942	127	86
943	127	86
944	127	86
945	127	85
946	127	86
947	127	86
948	127	86
949	127	86
950	127	86
951	127	86
952	127	86
953	127	86
954	127	86
955	127	86
956	127	86
957	127	86
958	127	85
959	127	86
960	127	86
961	127	86
962	127	86
963	127	86
964	127	86
965	127	86
966	127	86
967	127	86
968	127	86
969	127	86
970	127	86
971	127	87
972	127	86
973	127	86
974	127	86
975	127	86
976	127	86
977	127	86
978	127	86
979	127	86
980	127	86
981	127	86
982	127	86
983	127	86
984	127	86
985	127	86
986	127	86
987	127	86
988	127	86
989	127	86
990	127	86
991	127	86
992	127	86
993	127	86
994	127	86
995	127	85
996	127	86
997	127	86
998	127	86
999	127	86
1000	127	86
1001	127	86
1002	127	86
1003	127	86
1004	127	86
1005	127	86
1006	127	86
1007	127	86
1008	127	86
1009	127	86
1010	127	86
1011	127	86
1012	127	86
1013	127	86
1014	127	86
1015	127	86
1016	127	86
1017	127	86
1018	218	187
1019	205	188
1020	193	189
1021	184	189
1022	176	189
1023	169	189
1024	163	190
1025	157	190
1026	153	190
1027	150	190
1028	147	190
1029	144	191
1030	142	191
1031	140	190
1032	138	190
1033	136	190
1034	135	191
1035	134	190
1036	133	191
1037	132	191
1038	132	190
1039	131	190
1040	130	191
1041	130	191
1042	130	191
1043	129	191
1044	129	190
1045	129	190
1046	129	190
1047	129	190
1048	128	191
1049	129	191
1050	128	191
1051	129	190
1052	128	190
1053	128	191
1054	128	190
1055	128	191
1056	128	190
1057	128	190
1058	127	190
1059	128	191
1060	128	190
1061	127	190
1062	128	190
1063	128	191
1064	128	191
1065	128	190
1066	128	190
1067	128	191
1068	128	190
1069	128	190
1070	128	190
1071	127	190
1072	128	190
1073	128	190
1074	128	190
1075	128	191
1076	127	191
1077	127	190
1078	127	190
1079	128	190
1080	128	190
1081	128	191
1082	127	190
1083	127	190
1084	128	190
1085	127	190
1086	128	191
1087	128	191
1088	127	191
1089	128	190
1090	128	190
1091	127	191
1092	127	190
1093	127	190
1094	127	190
1095	127	190
1096	128	190
1097	127	190
1098	128	190
1099	128	190
1100	127	190
1101	128	190
1102	128	191
1103	127	190
1104	128	190
1105	127	190
1106	127	190
1107	127	190
1108	127	190
1109	127	190
1110	127	190
1111	128	190
1112	127	190
1113	127	190
1114	127	190
1115	127	190
1116	127	190
1117	127	191
1118	127	190
1119	127	190
1120	127	190
1121	127	190
1122	128	190
1123	127	190
1124	127	190
1125	127	190
1126	127	190
1127	128	190
1128	127	190
1129	128	191
1130	127	190
1131	128	190
1132	127	190
1133	127	190
1134	127	190
1135	127	190
1136	128	191
1137	127	190
1138	127	190
1139	128	190
1140	127	191
1141	128	190
1142	127	190
1143	127	190
1144	127	190
1145	128	190
1146	127	190
1147	128	190
1148	127	190
1149	127	191
1150	127	190
1151	128	191
1152	128	190
1153	127	191
1154	128	190
1155	127	191
1156	128	191
1157	127	190
1158	127	190
1159	127	190
1160	127	191
1161	127	190
1162	127	190
1163	128	191
1164	127	190
1165	127	190
1166	127	190
1167	127	190
1168	127	190
1169	127	190
1170	128	190
1171	127	190
1172	127	190
1173	127	190
1174	127	190
1175	127	191
1176	127	190
1177	128	190
1178	128	190
1179	127	190
1180	127	190
1181	128	190
1182	127	190
1183	127	190
1184	127	191
1185	127	191
1186	127	190
1187	127	190
1188	127	191
1189	127	190
1190	127	190
1191	127	191
1192	127	191
1193	127	191
1194	127	190
1195	127	190
1196	127	190
1197	127	190
1198	127	190
1199	127	190
1200	127	191
1201	127	190
1202	128	190
1203	128	191
1204	127	191
1205	127	190
1206	127	190
1207	127	190
1208	127	190
1209	127	190
1210	127	191
1211	128	190
1212	127	190
1213	127	191
1214	127	190
1215	127	190
1216	127	190
1217	127	190
1218	127	190
1219	127	190
1220	127	190
1221	127	190
1222	127	190
1223	127	190
1224	127	190
1225	127	190
1226	127	190
1227	127	191
1228	127	190
1229	127	190
1230	127	191
1231	127	190
1232	127	190
1233	127	190
1234	127	190
1235	127	190
1236	127	190
1237	127	190
1238	127	190
1239	127	190
1240	127	190
1241	127	190
1242	127	190
1243	127	190
1244	127	190
1245	127	190
1246	127	191
1247	127	191
1248	127	190
1249	127	190
1250	127	190
1251	127	190
1252	127	191
1253	127	190
1254	128	191
1255	127	191
1256	127	190
1257	128	190
1258	127	190
1259	127	190
1260	127	191
1261	127	190
1262	128	190
1263	127	190
1264	127	190
1265	127	190
1266	127	191
1267	127	191
1268	127	190
1269	127	190
1270	127	190
1271	127	191
1272	127	191
1273	127	190
1274	127	190
1275	127	190
1276	127	190
1277	127	191
1278	127	191
1279	127	190
1280	127	191
1281	127	190
1282	127	190
1283	127	190
1284	127	191
1285	127	190
1286	127	190
1287	127	190
1288	127	190
1289	127	190
1290	127	190
1291	127	191
1292	128	191
1293	127	190
1294	127	190
1295	128	190
1296	127	190
1297	127	190
1298	128	190
1299	127	191
1300	127	190
1301	127	190
1302	127	190
1303	127	190
1304	127	190
1305	127	190
1306	127	190
1307	128	190
1308	127	190
1309	127	190
1310	127	190
1311	127	190
1312	127	190
1313	127	190
1314	127	191
1315	127	190
1316	127	190
1317	127	190
1318	127	190
1319	127	190
1320	127	190
1321	127	191
1322	127	190
1323	127	190
1324	127	190
1325	127	190
1326	127	191
1327	128	191
1328	127	191
1329	127	190
1330	127	191
1331	127	190
1332	127	190
1333	127	191
1334	127	190
1335	127	191
1336	127	190
1337	127	190
1338	127	190
1339	127	190
1340	127	191
1341	127	190
1342	127	190
1343	127	191
1344	128	190
1345	127	190
1346	128	190
1347	127	190
1348	127	190
1349	127	190
1350	127	191
1351	127	190
1352	127	190
1353	127	190
1354	127	191
1355	128	191
1356	127	190
1357	127	191
1358	127	190
1359	128	190
1360	127	190
1361	127	190
1362	127	190
1363	127	190
1364	127	190
1365	127	190
1366	127	190
1367	127	190
1368	127	190
1369	127	190
1370	127	190
1371	128	191
1372	127	191
1373	127	190
1374	127	191
1375	127	190
1376	127	190
1377	127	190
1378	127	190
1379	127	190
1380	127	190
1381	127	190
1382	127	190
1383	128	191
1384	127	190
1385	127	191
1386	127	190
1387	128	190
1388	127	190
1389	127	190
1390	127	190
1391	127	191
1392	127	190
1393	127	190
1394	127	191
1395	127	190
1396	127	190
1397	127	191
1398	127	190
1399	127	190
1400	127	190
1401	127	191
1402	127	190
1403	127	190
1404	127	190
1405	127	190
1406	127	191
1407	127	190
1408	127	190
1409	127	191
1410	127	190
1411	127	190
1412	128	190
1413	127	190
1414	127	190
1415	127	190
1416	127	190
1417	127	190
1418	128	190
1419	127	190
1420	127	190
1421	127	190
1422	127	190
1423	127	190
1424	127	191
1425	127	190
1426	127	190
1427	127	190
1428	127	190
1429	127	190
1430	127	190
1431	127	190
1432	127	190
1433	127	190
1434	127	190
1435	127	190
1436	127	190
1437	128	190
1438	127	190
1439	127	190
1440	127	190
1441	127	190
1442	127	190
1443	127	190
1444	127	190
1445	127	190
1446	127	190
1447	127	191
1448	127	190
1449	127	190
1450	127	190
1451	128	190
1452	127	190
1453	127	191
1454	127	190
1455	127	190
1456	127	190
1457	127	190
1458	127	190
1459	127	190
1460	127	190
1461	127	190
1462	127	190
1463	127	190
1464	127	190
1465	127	191
1466	127	190
1467	127	191
1468	127	190
1469	128	190
1470	127	190
1471	127	190
1472	127	190
1473	127	190
1474	127	190
1475	127	190
1476	127	190
1477	127	190
1478	127	190
1479	127	190
1480	127	191
1481	127	190
1482	127	190
1483	127	190
1484	127	190
1485	127	190
1486	127	190
1487	127	191
1488	127	191
1489	127	190
1490	127	191
1491	127	190
1492	127	190
1493	127	189
1494	127	190
1495	127	190
1496	127	190
1497	127	190
1498	127	190
1499	127	191
1500	127	190
1501	127	190
1502	127	190
1503	127	190
1504	127	190
1505	127	190
1506	127	190
1507	127	191
1508	127	190
1509	127	190
1510	127	190
1511	127	191
1512	127	191
1513	127	190
1514	127	190
1515	127	190
1516	128	190
1517	127	190
1518	127	190
1519	127	190
1520	127	190
1521	127	190
1522	127	190
1523	127	190
1524	127	190
1525	127	190
1526	127	190
1527	127	190
1528	127	190
1529	127	190
1530	127	190
1531	127	190
1532	127	190
1533	128	190
1534	127	190
1535	127	191
1536	127	191
1537	127	190
1538	127	191
1539	127	190
1540	127	191
1541	127	191
1542	127	190
1543	127	190
1544	127	191
1545	128	190
1546	127	190
1547	127	190
1548	127	190
1549	127	190
1550	127	191
1551	128	190
1552	127	191
1553	127	190
1554	128	191
1555	127	190
1556	127	190
1557	127	190
1558	127	190
1559	127	191
1560	127	191
1561	127	191
1562	127	190
1563	128	190
1564	127	190
1565	127	190
1566	127	190
1567	127	190
1568	127	190
1569	127	191
1570	127	191
1571	127	190
1572	127	190
1573	128	190
1574	127	191
1575	127	190
1576	127	191
1577	127	190
1578	127	190
1579	127	190
1580	127	190
1581	127	190
1582	127	190
1583	127	190
1584	127	191
1585	127	191
1586	127	190
1587	127	190
1588	127	190
1589	127	190
1590	127	190
1591	127	191
1592	127	190
1593	127	190
1594	127	190
1595	128	190
1596	127	190
1597	127	190
1598	127	191
1599	128	190
1600	127	190
1601	127	191
1602	127	190
1603	127	190
1604	127	190
1605	127	190
1606	127	190
1607	127	191
1608	127	190
1609	127	190
1610	127	190
1611	128	191
1612	127	190
1613	127	190
1614	127	190
1615	128	190
1616	127	190
1617	127	190
1618	127	190
1619	127	190
1620	127	190
1621	127	190
1622	127	190
1623	127	191
1624	127	191
1625	127	190
1626	127	190
1627	127	190
1628	127	191
1629	127	190
1630	127	190
1631	127	191
1632	128	190
1633	127	190
1634	127	190
1635	127	190
1636	127	190
1637	127	191
1638	127	190
1639	127	190
1640	127	190
1641	127	191
1642	127	190
1643	36	89
1644	49	88
1645	60	87
1646	70	87
1647	78	87
1648	85	87
1649	92	86
1650	97	86
1651	101	86
1652	105	86
1653	108	86
1654	110	86
1655	113	86
1656	115	86
1657	116	86
1658	118	86
1659	120	86
1660	121	86
1661	121	86
1662	122	85
1663	123	85
1664	123	86
1665	124	85
1666	124	86
1667	124	86
1668	125	86
1669	125	86
1670	125	86
1671	126	86
1672	125	86
1673	126	86
1674	126	86
1675	126	86
1676	126	86
1677	126	86
1678	126	86
1679	127	86
1680	126	86
1681	126	86
1682	126	86
1683	126	86
1684	127	86
1685	127	86
1686	127	86
1687	127	86
1688	126	86
1689	127	86
1690	127	86
1691	127	86
1692	126	86
1693	127	86
1694	127	86
1695	127	86
1696	127	86
1697	127	86
1698	127	86
1699	127	86
1700	127	86
1701	127	86
1702	127	86
1703	127	86
1704	127	86
1705	127	86
1706	127	86
1707	127	86
1708	127	86
1709	127	85
1710	127	86
1711	127	86
1712	127	86
1713	127	86
1714	127	86
1715	127	86
1716	127	86
1717	127	86
1718	127	86
1719	127	86
1720	127	86
1721	127	86
1722	127	86
1723	127	86
1724	127	86
1725	127	86
1726	127	86
1727	127	86
1728	127	86
1729	127	86
1730	127	86
1731	127	86
1732	127	86
1733	127	86
1734	127	86
1735	127	86
1736	127	86
1737	127	86
1738	127	86
1739	127	86
1740	127	86
1741	127	86
1742	127	86
1743	127	86
1744	127	86
1745	127	86
1746	127	86
1747	127	86
1748	127	86
1749	127	86
1750	127	86
1751	127	86
1752	127	86
1753	127	86
1754	127	86
1755	127	86
1756	127	86
1757	127	86
1758	127	86
1759	127	86
1760	127	86
1761	127	86
1762	127	86
1763	127	86
1764	127	86
1765	127	86
1766	127	86
1767	127	85
1768	127	86
1769	127	86
1770	127	86
1771	127	86
1772	127	86
1773	127	86
1774	127	86
1775	127	86
1776	127	86
1777	127	86
1778	127	86
1779	127	86
1780	127	85
1781	127	86
1782	127	86
1783	127	86
1784	127	86
1785	127	86
1786	127	86
1787	127	86
1788	127	86
1789	127	86
1790	127	86
1791	126	86
1792	127	85
1793	127	86
1794	127	86
1795	127	86
1796	127	86
1797	127	86
1798	127	86
1799	127	86
1800	127	86
1801	127	86
1802	127	86
1803	127	86
1804	127	86
1805	127	86
1806	127	86
1807	127	86
1808	127	86
1809	127	86
1810	127	86
1811	127	86
1812	127	86
1813	127	86
1814	127	86
1815	127	86
1816	127	86
1817	127	86
1818	127	86
1819	127	86
1820	127	86
1821	127	86
1822	127	86
1823	127	86
1824	127	86
1825	127	86
1826	127	86
1827	127	86
1828	127	86
1829	127	86
1830	127	86
1831	127	86
1832	127	86
1833	127	86
1834	127	86
1835	127	86
1836	127	86
1837	127	86
1838	127	85
1839	127	86
1840	127	86
1841	127	86
1842	127	86
1843	127	86
1844	127	86
1845	127	86
1846	127	86
1847	127	86
1848	127	86
1849	127	86
1850	127	86
1851	127	86
1852	127	86
1853	127	86
1854	127	86
1855	127	86
1856	127	86
1857	127	86
1858	127	86
1859	127	86
1860	127	86
1861	127	86
1862	127	86
1863	127	86
1864	127	86
1865	127	86
1866	127	86
1867	127	86
1868	127	86
1869	127	86
1870	127	86
1871	127	86
1872	127	86
1873	127	86
1874	127	86
1875	127	86
1876	127	86
1877	127	86
1878	127	86
1879	127	86
1880	127	86
1881	127	86
1882	127	86
1883	127	85
1884	127	86
1885	127	86
1886	127	86
1887	127	86
1888	127	86
1889	127	86
1890	127	86
1891	127	86
1892	127	85
1893	127	86
1894	127	86
1895	127	86
1896	127	86
1897	127	86
1898	127	87
1899	127	86
1900	127	86
1901	127	86
1902	127	86
1903	127	86
1904	127	86
1905	127	86
1906	127	86
1907	127	86
1908	127	86
1909	127	86
1910	127	86
1911	127	86
1912	127	86
1913	127	86
1914	127	86
1915	127	86
1916	127	86
1917	127	86
1918	127	86
1919	127	86
1920	127	86
1921	127	86
1922	127	86
1923	127	86
1924	127	86
1925	127	86
1926	127	86
1927	127	86
1928	127	86
1929	127	86
1930	127	86
1931	127	86
1932	127	86
1933	127	86
1934	127	86
1935	127	86
1936	127	86
1937	128	86
1938	127	86
1939	127	86
1940	127	86
1941	127	86
1942	127	86
1943	127	86
1944	127	86
1945	127	86
1946	127	86
1947	127	86
1948	127	86
1949	127	86
1950	127	86
1951	127	86
1952	127	86
1953	127	86
1954	127	86
1955	127	86
1956	127	86
1957	127	86
1958	127	86
1959	127	86
1960	127	86
1961	127	86
1962	127	86
1963	127	86
1964	127	86
1965	127	86
1966	127	86
1967	127	86
1968	127	86
1969	127	86
1970	127	86
1971	127	86
1972	127	86
1973	127	86
1974	127	86
1975	127	86
1976	127	86
1977	127	86
1978	127	86
1979	127	86
1980	127	86
1981	127	86
1982	127	86
1983	127	86
1984	127	86
1985	127	86
1986	127	86
1987	127	86
1988	127	85
1989	127	86
1990	127	86
1991	127	86
1992	127	86
1993	127	86
1994	127	86
1995	127	86
1996	127	86
1997	127	86
1998	127	86
1999	127	86
2000	127	86
2001	127	86
2002	127	86
2003	127	86
2004	127	85
2005	127	86
2006	127	86
2007	127	86
2008	127	86
2009	127	86
2010	127	86
2011	127	86
2012	127	86
2013	127	86
2014	127	86
2015	127	86
2016	127	86
2017	127	86
2018	127	86
2019	127	86
2020	127	86
2021	127	86
2022	127	86
2023	127	86
2024	127	86
2025	127	86
2026	127	86
2027	127	86
2028	127	86
2029	127	85
2030	127	86
2031	127	86
2032	127	86
2033	127	86
2034	127	86
2035	128	86
2036	127	86
2037	127	86
2038	127	86
2039	127	86
2040	127	86
2041	127	86
2042	127	86
2043	127	86
2044	127	86
2045	127	86
2046	127	86
2047	127	86
2048	127	86
2049	127	86
2050	127	86
2051	127	86
2052	127	86
2053	127	86
2054	127	85
2055	127	85
2056	127	86
2057	127	86
2058	127	86
2059	127	86
2060	127	86
2061	127	86
2062	127	86
2063	127	86
2064	127	86
2065	127	86
2066	127	86
2067	127	85
2068	127	86
2069	127	86
2070	127	86
2071	127	86
2072	127	86
2073	127	86
2074	127	86
2075	127	86
2076	127	86
2077	127	86
2078	127	86
2079	127	86
2080	127	86
2081	127	86
2082	127	86
2083	127	86
2084	127	86
2085	127	86
2086	127	86
2087	127	86
2088	127	86
2089	127	86
2090	127	86
2091	127	85
2092	127	86
2093	127	86
2094	127	86
2095	127	86
2096	127	86
2097	128	86
2098	127	86
2099	128	86
2100	127	86
2101	127	86
2102	127	86
2103	127	86
2104	127	86
2105	127	86
2106	127	86
2107	127	86
2108	127	86
2109	127	86
2110	127	86
2111	127	86
2112	127	86
2113	127	86
2114	127	86
2115	127	86
2116	127	85
2117	127	86
2118	127	86
2119	127	86
2120	127	86
2121	127	86
2122	127	86
2123	127	86
2124	127	86
2125	128	86
2126	127	85
2127	127	86
2128	127	86
2129	127	86
2130	127	86
2131	127	86
2132	127	86
2133	127	86
2134	127	86
2135	127	85
2136	127	86
2137	127	86
2138	127	86
2139	127	86
2140	127	86
2141	127	86
2142	127	86
2143	127	86
2144	127	86
2145	127	86
2146	127	86
2147	127	86
2148	127	86
2149	127	86
2150	127	86
2151	127	86
2152	127	86
2153	127	86
2154	128	86
2155	127	86
2156	127	86
2157	127	86
2158	127	86
2159	127	86
2160	127	86
2161	127	86
2162	127	86
2163	127	86
2164	127	86
2165	127	86
2166	127	86
2167	127	86
2168	127	86
2169	127	86
2170	127	86
2171	127	86
2172	127	87
2173	127	86
2174	127	86
2175	127	86
2176	127	86
2177	127	86
2178	127	86
2179	127	86
2180	127	86
2181	127	86
2182	127	86
2183	127	86
2184	127	86
2185	127	86
2186	127	86
2187	127	86
2188	127	86
2189	127	86
2190	127	86
2191	127	85
2192	127	86
2193	127	86
2194	127	86
2195	127	86
2196	127	86
2197	127	86
2198	127	86
2199	127	86
2200	127	86
2201	127	86
2202	127	86
2203	128	86
2204	127	86
2205	127	86
2206	127	86
2207	127	86
2208	127	86
2209	127	86
2210	128	86
2211	127	86
2212	127	86
2213	127	86
2214	127	86
2215	127	86
2216	127	86
2217	127	86
2218	127	86
2219	128	86
2220	127	86
2221	127	86
2222	127	86
2223	127	86
2224	127	86
2225	127	86
2226	127	86
2227	127	86
2228	127	86
2229	127	86
2230	127	86
2231	127	86
2232	127	86
2233	127	86
2234	127	86
2235	127	86
2236	127	86
2237	127	86
2238	127	86
2239	127	86
2240	127	86
2241	127	86
2242	127	86
2243	127	86
2244	127	86
2245	127	86
2246	127	86
2247	127	86
2248	127	86
2249	128	86
2250	127	86
2251	127	86
2252	127	86
2253	127	86
2254	127	86
2255	127	86
2256	127	86
2257	127	86
2258	127	86
2259	128	86
2260	127	86
2261	127	86
2262	127	86
2263	127	86
2264	127	86
2265	127	86
2266	127	86
2267	127	86
2268	218	187
2269	205	187
2270	194	189
2271	185	189
2272	176	190
2273	169	189
2274	163	190
2275	157	190
2276	153	190
2277	150	190
2278	146	190
2279	144	190
2280	142	190
2281	139	191
2282	138	191
2283	137	191
2284	135	190
2285	134	191
2286	133	191
2287	132	191
2288	132	190
2289	131	191
2290	131	190
2291	131	191
2292	130	191
2293	129	190
2294	129	191
2295	129	191
2296	129	191
2297	129	191
2298	129	191
2299	129	191
2300	129	190
2301	129	191
2302	128	190
2303	128	190
2304	128	190
2305	128	190
2306	128	191
2307	128	191
2308	128	190
2309	128	191
2310	128	190
2311	128	191
2312	128	191
2313	128	191
2314	127	190
2315	128	190
2316	128	190
2317	127	190
2318	128	190
2319	127	190
2320	128	190
2321	127	191
2322	128	190
2323	128	190
2324	127	190
2325	128	190
2326	128	190
2327	127	190
2328	127	189
2329	128	191
2330	128	191
2331	128	190
2332	127	190
2333	127	190
2334	128	190
2335	128	190
2336	128	190
2337	128	190
2338	127	191
2339	128	190
2340	127	190
2341	127	190
2342	127	190
2343	128	190
2344	127	191
2345	127	190
2346	127	191
2347	128	191
2348	127	190
2349	128	190
2350	127	190
2351	127	191
2352	128	190
2353	127	190
2354	127	191
2355	127	191
2356	127	190
2357	127	190
2358	128	190
2359	127	190
2360	127	191
2361	127	191
2362	127	190
2363	128	190
2364	127	190
2365	127	190
2366	127	190
2367	127	190
2368	128	190
2369	127	191
2370	128	190
2371	127	190
2372	127	190
2373	127	190
2374	127	190
2375	127	190
2376	128	191
2377	128	190
2378	127	190
2379	128	190
2380	127	190
2381	127	190
2382	127	190
2383	128	191
2384	127	190
2385	127	190
2386	128	190
2387	127	191
2388	127	191
2389	127	190
2390	127	190
2391	127	190
2392	127	190
2393	128	191
2394	127	190
2395	128	190
2396	127	191
2397	127	190
2398	127	190
2399	127	190
2400	127	191
2401	127	190
2402	127	190
2403	127	190
2404	127	191
2405	127	190
2406	127	190
2407	127	190
2408	127	190
2409	128	191
2410	127	190
2411	127	190
2412	127	190
2413	127	191
2414	127	190
2415	127	190
2416	127	190
2417	127	190
2418	128	190
2419	127	191
2420	127	190
2421	127	191
2422	127	190
2423	127	190
2424	127	190
2425	127	190
2426	127	190
2427	127	190
2428	127	190
2429	127	190
2430	127	190
2431	127	190
2432	127	190
2433	127	190
2434	127	191
2435	127	190
2436	127	190
2437	127	191
2438	128	190
2439	127	190
2440	127	190
2441	127	191
2442	127	190
2443	127	190
2444	127	190
2445	128	190
2446	127	191
2447	127	191
2448	127	190
2449	127	190
2450	127	191
2451	127	190
2452	127	190
2453	127	190
2454	128	190
2455	128	190
2456	128	191
2457	127	190
2458	127	190
2459	127	190
2460	127	190
2461	127	190
2462	127	190
2463	127	190
2464	128	191
2465	127	190
2466	127	190
2467	127	190
2468	127	190
2469	127	190
2470	127	190
2471	127	190
2472	127	190
2473	127	190
2474	128	190
2475	128	191
2476	127	190
2477	127	190
2478	127	190
2479	127	190
2480	127	190
2481	127	190
2482	127	191
2483	127	190
2484	127	190
2485	127	190
2486	127	190
2487	127	191
2488	127	190
2489	127	190
2490	128	190
2491	127	191
2492	127	190
2493	127	190
2494	127	191
2495	127	191
2496	127	190
2497	127	190
2498	127	190
2499	127	190
2500	127	190
2501	128	190
2502	127	190
2503	127	190
2504	127	190
2505	127	191
2506	127	190
2507	127	190
2508	127	190
2509	127	190
2510	127	190
2511	128	191
2512	127	191
2513	127	190
2514	127	190
2515	127	190
2516	127	190
2517	127	190
2518	127	190
2519	127	190
2520	128	190
2521	127	190
2522	127	190
2523	127	190
2524	127	190
2525	127	190
2526	127	190
2527	127	190
2528	127	190
2529	128	190
2530	127	190
2531	127	190
2532	127	191
2533	127	190
2534	127	190
2535	127	190
2536	127	190
2537	127	190
2538	127	190
2539	128	190
2540	127	190
2541	127	190
2542	127	190
2543	127	190
2544	127	190
2545	127	191
2546	127	190
2547	127	190
2548	127	191
2549	127	190
2550	127	190
2551	127	191
2552	127	190
2553	127	190
2554	127	190
2555	127	190
2556	127	190
2557	128	190
2558	127	190
2559	127	191
2560	127	190
2561	127	191
2562	127	190
2563	127	191
2564	127	190
2565	127	190
2566	127	190
2567	127	190
2568	127	190
2569	127	191
2570	127	190
2571	127	190
2572	127	190
2573	127	190
2574	127	190
2575	127	191
2576	127	190
2577	127	190
2578	127	190
2579	127	190
2580	127	190
2581	127	190
2582	127	190
2583	127	191
2584	127	191
2585	127	191
2586	127	190
2587	127	191
2588	127	190
2589	127	190
2590	127	190
2591	127	190
2592	128	191
2593	127	190
2594	127	190
2595	127	190
2596	127	190
2597	127	190
2598	127	190
2599	127	190
2600	127	190
2601	128	190
2602	127	190
2603	127	190
2604	127	190
2605	127	190
2606	127	190
2607	127	191
2608	127	190
2609	127	190
2610	127	191
2611	127	190
2612	127	190
2613	127	190
2614	127	190
2615	127	190
2616	127	190
2617	127	191
2618	127	190
2619	127	191
2620	127	190
2621	127	190
2622	127	191
2623	127	190
2624	127	191
2625	127	190
2626	127	190
2627	127	190
2628	127	190
2629	127	190
2630	127	190
2631	127	190
2632	127	191
2633	127	191
2634	127	190
2635	127	190
2636	127	190
2637	127	190
2638	127	190
2639	127	190
2640	127	190
2641	127	190
2642	128	191
2643	127	190
2644	127	190
2645	127	190
2646	128	190
2647	127	190
2648	127	190
2649	127	190
2650	127	190
2651	127	190
2652	127	190
2653	127	190
2654	127	190
2655	127	191
2656	127	190
2657	127	190
2658	127	191
2659	127	190
2660	127	191
2661	127	190
2662	127	190
2663	127	191
2664	127	190
2665	127	190
2666	127	191
2667	127	191
2668	127	191
2669	127	190
2670	127	190
2671	127	190
2672	127	191
2673	127	191
2674	127	190
2675	127	190
2676	127	190
2677	127	190
2678	127	190
2679	127	191
2680	127	191
2681	127	190
2682	127	190
2683	127	190
2684	127	190
2685	127	190
2686	127	190
2687	127	190
2688	127	190
2689	127	190
2690	127	190
2691	128	191
2692	127	191
2693	127	191
2694	127	190
2695	127	190
2696	127	190
2697	127	190
2698	127	191
2699	127	191
2700	127	191
2701	127	190
2702	127	190
2703	127	190
2704	127	191
2705	127	191
2706	127	190
2707	127	190
2708	127	190
2709	127	190
2710	127	190
2711	127	191
2712	127	190
2713	127	191
2714	127	190
2715	127	190
2716	127	190
2717	127	190
2718	127	190
2719	127	190
2720	127	191
2721	127	190
2722	127	190
2723	127	190
2724	127	190
2725	127	190
2726	127	190
2727	127	190
2728	127	190
2729	127	191
2730	127	190
2731	127	191
2732	127	191
2733	127	191
2734	127	191
2735	127	190
2736	127	191
2737	127	190
2738	127	191
2739	127	190
2740	127	190
2741	127	190
2742	127	190
2743	127	191
2744	127	190
2745	127	190
2746	127	190
2747	127	190
2748	127	190
2749	127	190
2750	127	190
2751	127	190
2752	127	191
2753	128	190
2754	127	190
2755	127	190
2756	127	191
2757	127	190
2758	127	190
2759	127	190
2760	127	190
2761	127	190
2762	127	190
2763	127	190
2764	127	190
2765	127	190
2766	127	190
2767	127	190
2768	127	191
2769	127	190
2770	127	190
2771	127	191
2772	127	191
2773	127	190
2774	127	190
2775	127	190
2776	127	190
2777	128	190
2778	128	190
2779	127	190
2780	127	190
2781	127	191
2782	127	190
2783	127	190
2784	127	191
2785	127	191
2786	127	190
2787	127	190
2788	127	190
2789	127	190
2790	127	190
2791	127	190
2792	127	191
2793	127	190
2794	127	190
2795	127	191
2796	127	190
2797	127	190
2798	127	190
2799	127	190
2800	127	190
2801	127	190
2802	127	190
2803	127	190
2804	127	190
2805	128	190
2806	127	191
2807	127	191
2808	127	190
2809	127	191
2810	127	190
2811	127	190
2812	127	191
2813	127	190
2814	127	191
2815	127	191
2816	127	191
2817	127	191
2818	127	191
2819	127	190
2820	128	190
2821	127	190
2822	127	190
2823	128	190
2824	127	191
2825	128	191
2826	127	190
2827	127	190
2828	127	190
2829	127	190
2830	127	190
2831	127	190
2832	127	190
2833	127	190
2834	127	191
2835	127	190
2836	127	191
2837	127	190
2838	127	190
2839	127	190
2840	127	191
2841	127	190
2842	127	190
2843	127	190
2844	127	190
2845	127	190
2846	127	190
2847	127	190
2848	127	190
2849	127	190
2850	127	191
2851	127	190
2852	127	190
2853	127	190
2854	127	190
2855	127	191
2856	127	190
2857	127	191
2858	127	191
2859	127	190
2860	127	190
2861	127	191
2862	127	190
2863	127	190
2864	127	190
2865	127	190
2866	127	191
2867	127	190
2868	127	190
2869	127	191
2870	127	190
2871	127	191
2872	127	190
2873	127	190
2874	127	190
2875	127	190
2876	127	189
2877	127	191
2878	127	190
2879	127	190
2880	127	191
2881	127	190
2882	127	190
2883	128	190
2884	127	190
2885	127	190
2886	127	190
2887	127	190
2888	127	190
2889	127	191
2890	127	190
2891	127	190
2892	127	190
2893	37	89
2894	49	88
2895	60	88
2896	70	87
2897	79	87
2898	85	87
2899	91	86
2900	97	86
2901	100	86
2902	105	86
2903	108	86
2904	110	86
2905	113	86
2906	115	86
2907	116	86
2908	118	85
2909	119	86
2910	120	86
2911	121	86
2912	122	86
2913	123	85
2914	123	86
2915	123	86
2916	124	86
2917	124	86
2918	124	86
2919	125	86
2920	125	86
2921	125	86
2922	125	86
2923	125	86
2924	126	86
2925	126	86
2926	127	86
2927	126	86
2928	126	86
2929	126	86
2930	126	86
2931	126	86
2932	126	86
2933	126	86
2934	127	86
2935	127	86
2936	127	86
2937	127	86
2938	126	86
2939	127	86
2940	127	86
2941	127	86
2942	127	86
2943	127	86
2944	127	86
2945	127	86
2946	127	86
2947	126	86
2948	127	86
2949	127	86
2950	127	86
2951	127	86
2952	127	86
2953	127	86
2954	127	86
2955	127	86
2956	127	86
2957	127	86
2958	127	86
2959	127	86
2960	127	86
2961	126	86
2962	127	86
2963	127	85
2964	127	86
2965	127	86
2966	127	86
2967	127	86
2968	127	86
2969	127	86
2970	126	86
2971	127	86
2972	127	86
2973	126	86
2974	127	86
2975	127	86
2976	127	86
2977	127	86
2978	127	86
2979	127	86
2980	127	86
2981	127	86
2982	127	86
2983	127	86
2984	128	86
2985	127	86
2986	127	86
2987	127	86
2988	127	86
2989	127	86
2990	127	86
2991	127	86
2992	127	86
2993	127	86
2994	127	86
2995	127	86
2996	127	86
2997	127	86
2998	127	86
2999	127	86
3000	127	85
3001	127	86
3002	127	86
3003	127	86
3004	127	86
3005	127	86
3006	127	86
3007	127	86
3008	127	86
3009	127	86
3010	127	86
3011	127	86
3012	127	86
3013	127	86
3014	127	86
3015	127	86
3016	127	86
3017	127	86
3018	127	86
3019	127	86
3020	127	86
3021	127	86
3022	127	86
3023	127	86
3024	127	86
3025	127	85
3026	127	86
3027	127	86
3028	127	86
3029	127	86
3030	127	86
3031	127	86
3032	127	86
3033	127	86
3034	127	86
3035	127	86
3036	127	86
3037	127	86
3038	127	86
3039	127	86
3040	127	86
3041	127	86
3042	127	86
3043	127	86
3044	127	86
3045	127	86
3046	127	86
3047	127	86
3048	127	86
3049	127	86
3050	127	86
3051	127	86
3052	127	86
3053	127	86
3054	127	86
3055	127	86
3056	127	86
3057	127	86
3058	127	86
3059	127	86
3060	127	86
3061	127	86
3062	127	86
3063	127	86
3064	127	86
3065	127	86
3066	127	86
3067	127	86
3068	127	86
3069	127	86
3070	127	86
3071	127	86
3072	127	86
3073	127	86
3074	127	86
3075	127	86
3076	127	86
3077	127	86
3078	127	86
3079	127	86
3080	127	86
3081	127	86
3082	127	86
3083	127	86
3084	127	86
3085	127	86
3086	127	86
3087	127	86
3088	127	86
3089	127	86
3090	127	86
3091	127	86
3092	127	86
3093	127	86
3094	127	86
3095	127	86
3096	127	86
3097	127	86
3098	127	86
3099	127	86
3100	127	86
3101	127	86
3102	128	86
3103	127	86
3104	127	86
3105	127	86
3106	127	86
3107	127	86
3108	127	86
3109	127	86
3110	127	86
3111	127	86
3112	127	86
3113	127	86
3114	127	86
3115	127	86
3116	127	86
3117	127	86
3118	127	86
3119	127	86
3120	127	86
3121	127	86
3122	127	86
3123	127	86
3124	127	86
3125	127	86
3126	127	86
3127	127	86
3128	127	86
3129	127	86
3130	127	86
3131	127	86
3132	127	86
3133	127	86
3134	127	86
3135	127	86
3136	127	86
3137	127	86
3138	127	86
3139	127	86
3140	127	86
3141	127	86
3142	127	86
3143	127	86
3144	128	86
3145	127	86
3146	127	86
3147	127	86
3148	127	86
3149	127	85
3150	127	85
3151	127	86
3152	127	86
3153	127	86
3154	127	86
3155	127	86
3156	127	86
3157	127	86
3158	127	86
3159	127	86
3160	127	86
3161	127	86
3162	127	86
3163	127	86
3164	127	86
3165	127	86
3166	127	86
3167	127	86
3168	127	86
3169	127	86
3170	127	86
3171	127	86
3172	127	86
3173	127	86
3174	127	86
3175	127	86
3176	127	86
3177	127	86
3178	127	86
3179	127	86
3180	127	86
3181	127	86
3182	127	86
3183	127	86
3184	127	86
3185	127	86
3186	127	86
3187	127	86
3188	127	86
3189	127	86
3190	127	85
3191	127	86
3192	127	86
3193	127	86
3194	127	86
3195	127	86
3196	127	86
3197	127	86
3198	127	86
3199	127	86
3200	127	86
3201	127	86
3202	127	86
3203	127	86
3204	127	86
3205	127	86
3206	127	86
3207	127	86
3208	127	86
3209	127	86
3210	127	86
3211	127	86
3212	127	86
3213	127	86
3214	127	86
3215	127	86
3216	127	86
3217	127	86
3218	127	86
3219	127	86
3220	128	86
3221	127	86
3222	127	86
3223	127	86
3224	127	86
3225	127	86
3226	127	86
3227	127	86
3228	127	86
3229	127	86
3230	127	86
3231	127	86
3232	127	86
3233	127	86
3234	127	86
3235	127	86
3236	127	86
3237	127	85
3238	127	86
3239	127	86
3240	127	86
3241	127	86
3242	127	86
3243	127	86
3244	127	86
3245	127	86
3246	127	86
3247	127	86
3248	127	86
3249	127	86
3250	127	86
3251	127	86
3252	127	86
3253	127	86
3254	127	86
3255	127	86
3256	127	86
3257	127	86
3258	127	86
3259	127	86
3260	127	86
3261	127	86
3262	127	86
3263	127	86
3264	127	86
3265	127	86
3266	127	86
3267	127	86
3268	127	86
3269	127	86
3270	127	86
3271	127	86
3272	127	86
3273	127	86
3274	127	85
3275	127	86
3276	127	86
3277	127	86
3278	127	86
3279	127	86
3280	127	86
3281	127	86
3282	127	86
3283	127	86
3284	127	86
3285	127	86
3286	127	86
3287	127	85
3288	127	86
3289	127	86
3290	127	86
3291	127	86
3292	127	86
3293	127	86
3294	127	86
3295	127	86
3296	127	86
3297	127	86
3298	127	86
3299	127	85
3300	127	86
3301	127	86
3302	127	86
3303	127	86
3304	127	86
3305	127	86
3306	127	86
3307	127	86
3308	127	86
3309	127	86
3310	127	86
3311	127	86
3312	127	86
3313	127	86
3314	127	86
3315	127	86
3316	127	86
3317	127	85
3318	127	86
3319	127	86
3320	127	86
3321	127	87
3322	127	86
3323	127	86
3324	127	85
3325	127	86
3326	127	86
3327	127	86
3328	127	86
3329	127	86
3330	127	86
3331	127	86
3332	127	86
3333	127	86
3334	127	86
3335	127	86
3336	127	86
3337	127	86
3338	127	86
3339	127	86
3340	127	86
3341	127	86
3342	127	86
3343	127	86
3344	127	86
3345	127	86
3346	127	86
3347	127	86
3348	127	85
3349	127	85
3350	127	86
3351	127	86
3352	127	86
3353	127	86
3354	127	86
3355	127	86
3356	127	86
3357	127	86
3358	127	86
3359	127	86
3360	127	86
3361	127	86
3362	127	86
3363	127	86
3364	127	86
3365	127	86
3366	127	86
3367	127	86
3368	127	86
3369	127	86
3370	127	86
3371	127	86
3372	127	86
3373	127	86
3374	127	85
3375	127	86
3376	127	86
3377	127	86
3378	127	86
3379	127	86
3380	127	86
3381	127	86
3382	127	86
3383	127	86
3384	127	86
3385	127	86
3386	127	86
3387	127	86
3388	127	86
3389	127	86
3390	127	86
3391	127	86
3392	127	86
3393	127	86
3394	127	86
3395	127	86
3396	127	86
3397	127	86
3398	127	86
3399	127	86
3400	127	86
3401	127	86
3402	127	86
3403	127	86
3404	127	86
3405	127	87
3406	127	86
3407	127	86
3408	127	86
3409	127	86
3410	127	86
3411	127	85
3412	127	86
3413	127	86
3414	127	86
3415	127	86
3416	127	86
3417	127	86
3418	128	86
3419	127	86
3420	127	86
3421	127	86
3422	127	86
3423	127	86
3424	127	86
3425	127	86
3426	127	86
3427	128	86
3428	127	86
3429	127	86
3430	127	86
3431	127	86
3432	127	86
3433	127	86
3434	127	86
3435	127	86
3436	127	85
3437	127	86
3438	127	86
3439	127	86
3440	127	86
3441	127	86
3442	127	86
3443	127	86
3444	127	86
3445	127	86
3446	127	86
3447	127	86
3448	127	86
3449	127	86
3450	127	86
3451	127	86
3452	127	86
3453	127	86
3454	127	86
3455	127	86
3456	127	86
3457	127	86
3458	127	86
3459	127	86
3460	127	86
3461	127	86
3462	127	86
3463	127	86
3464	127	86
3465	127	86
3466	127	87
3467	127	86
3468	127	86
3469	127	86
3470	127	86
3471	127	86
3472	127	86
3473	127	86
3474	127	86
3475	127	86
3476	127	86
3477	127	86
3478	127	86
3479	127	86
3480	127	86
3481	127	86
3482	127	86
3483	127	86
3484	127	86
3485	127	86
3486	127	86
3487	127	86
3488	127	86
3489	127	86
3490	127	86
3491	127	86
3492	127	86
3493	127	86
3494	127	86
3495	127	86
3496	127	86
3497	127	86
3498	127	86
3499	128	86
3500	127	86
3501	127	86
3502	127	86
3503	127	86
3504	128	86
3505	127	86
3506	127	86
3507	127	86
3508	127	86
3509	127	86
3510	127	86
3511	127	86
3512	127	86
3513	127	86
3514	127	85
3515	127	86
3516	127	86
3517	127	86
3518	218	187
3519	205	188
3520	193	189
3521	184	189
3522	176	190
3523	169	189
3524	163	190
3525	158	190
3526	154	190
3527	150	190
3528	147	191
3529	144	190
3530	142	191
3531	139	191
3532	138	191
3533	137	191
3534	135	191
3535	134	191
3536	133	190
3537	133	191
3538	132	191
3539	131	191
3540	131	191
3541	130	190
3542	129	191
3543	130	191
3544	129	190
3545	129	191
3546	129	190
3547	129	190
3548	129	190
3549	128	191
3550	128	190
3551	129	191
3552	129	191
3553	128	190
3554	128	191
3555	128	190
3556	128	190
3557	128	190
3558	128	190
3559	127	190
3560	128	190
3561	128	190
3562	127	191
3563	128	191
3564	127	191
3565	127	191
3566	128	190
3567	128	190
3568	128	190
3569	127	190
3570	128	190
3571	128	190
3572	128	190
3573	128	190
3574	127	190
3575	127	190
3576	127	190
3577	128	190
3578	127	190
3579	127	190
3580	127	190
3581	127	190
3582	127	190
3583	127	190
3584	128	190
3585	127	190
3586	128	190
3587	127	190
3588	127	191
3589	127	190
3590	127	190
3591	127	190
3592	127	190
3593	128	191
3594	127	190
3595	128	190
3596	127	190
3597	127	190
3598	127	190
3599	127	190
3600	127	190
3601	128	190
3602	128	190
3603	127	190
3604	128	190
3605	128	190
3606	127	190
3607	128	191
3608	127	190
3609	127	190
3610	127	190
3611	128	190
3612	127	190
3613	127	190
3614	128	191
3615	127	191
3616	128	191
3617	127	190
3618	128	191
3619	128	190
3620	127	190
3621	127	191
3622	127	190
3623	127	190
3624	127	190
3625	128	191
3626	127	190
3627	128	190
3628	127	190
3629	127	190
3630	127	190
3631	127	190
3632	127	191
3633	127	190
3634	127	190
3635	127	190
3636	127	190
3637	127	190
3638	127	191
3639	127	190
3640	127	190
3641	128	190
3642	127	190
3643	127	190
3644	127	191
3645	128	191
3646	127	191
3647	127	191
3648	127	190
3649	127	190
3650	127	190
3651	128	190
3652	128	190
3653	127	190
3654	127	191
3655	127	191
3656	127	190
3657	127	191
3658	127	190
3659	127	191
3660	127	190
3661	127	191
3662	127	191
3663	128	190
3664	127	191
3665	128	190
3666	128	191
3667	127	190
3668	128	190
3669	127	190
3670	127	190
3671	127	190
3672	127	190
3673	127	190
3674	127	190
3675	127	190
3676	127	190
3677	127	190
3678	127	190
3679	127	191
3680	127	190
3681	127	190
3682	127	190
3683	127	190
3684	127	190
3685	127	190
3686	127	190
3687	127	191
3688	127	190
3689	127	191
3690	127	191
3691	127	190
3692	127	190
3693	127	190
3694	127	191
3695	127	190
3696	127	190
3697	127	191
3698	127	190
3699	127	191
3700	127	190
3701	127	190
3702	127	190
3703	127	191
3704	127	190
3705	127	191
3706	127	190
3707	127	190
3708	127	190
3709	127	191
3710	127	190
3711	127	191
3712	127	190
3713	127	190
3714	127	190
3715	127	190
3716	127	190
3717	127	191
3718	127	190
3719	127	190
3720	127	190
3721	127	191
3722	127	190
3723	127	190
3724	127	191
3725	127	191
3726	127	191
3727	127	190
3728	127	190
3729	127	190
3730	127	190
3731	127	190
3732	127	190
3733	127	190
3734	127	190
3735	127	190
3736	128	191
3737	127	190
3738	127	191
3739	127	190
3740	127	190
3741	127	190
3742	127	190
3743	127	190
3744	127	191
3745	127	191
3746	127	190
3747	127	190
3748	127	191
3749	128	190
3750	127	190
3751	127	190
3752	127	190
3753	127	190
3754	127	190
3755	127	191
3756	127	190
3757	127	190
3758	127	190
3759	127	190
3760	127	190
3761	127	190
3762	127	191
3763	127	190
3764	127	190
3765	127	190
3766	128	190
3767	127	190
3768	128	190
3769	127	191
3770	127	190
3771	127	190
3772	127	190
3773	127	190
3774	127	191
3775	127	190
3776	127	191
3777	127	190
3778	127	190
3779	127	190
3780	128	190
3781	127	190
3782	127	190
3783	127	191
3784	128	191
3785	127	190
3786	127	190
3787	127	190
3788	127	190
3789	127	190
3790	128	190
3791	127	190
3792	127	190
3793	128	190
3794	127	190
3795	127	190
3796	127	191
3797	127	190
3798	127	191
3799	127	190
3800	127	190
3801	127	190
3802	128	190
3803	127	190
3804	127	191
3805	127	190
3806	127	190
3807	127	190
3808	127	191
3809	127	190
3810	127	190
3811	127	190
3812	127	190
3813	127	190
3814	127	190
3815	127	190
3816	127	191
3817	127	190
3818	127	190
3819	127	190
3820	127	190
3821	127	190
3822	127	190
3823	128	190
3824	127	191
3825	127	191
3826	127	190
3827	127	190
3828	127	190
3829	127	190
3830	127	191
3831	127	190
3832	127	190
3833	127	190
3834	127	190
3835	127	190
3836	127	190
3837	127	190
3838	127	190
3839	127	190
3840	127	190
3841	127	190
3842	127	190
3843	127	190
3844	127	190
3845	127	190
3846	127	190
3847	127	190
3848	127	190
3849	127	191
3850	127	190
3851	127	191
3852	127	190
3853	127	190
3854	127	190
3855	127	190
3856	127	190
3857	127	190
3858	127	191
3859	127	190
3860	127	190
3861	127	190
3862	127	190
3863	127	191
3864	127	190
3865	127	190
3866	127	191
3867	127	190
3868	127	191
3869	127	190
3870	127	190
3871	127	190
3872	127	190
3873	127	190
3874	127	191
3875	127	190
3876	127	190
3877	127	191
3878	127	190
3879	127	190
3880	127	190
3881	127	190
3882	127	190
3883	127	190
3884	127	190
3885	127	190
3886	127	191
3887	127	190
3888	127	190
3889	127	190
3890	127	190
3891	127	191
3892	127	191
3893	127	190
3894	127	190
3895	127	191
3896	127	190
3897	128	190
3898	127	191
3899	127	191
3900	127	190
3901	127	190
3902	127	191
3903	127	190
3904	128	190
3905	127	190
3906	127	191
3907	127	190
3908	127	190
3909	127	190
3910	127	190
3911	127	190
3912	127	190
3913	127	191
3914	127	190
3915	127	190
3916	127	190
3917	127	190
3918	127	190
3919	127	190
3920	127	191
3921	127	190
3922	127	190
3923	127	190
3924	127	190
3925	127	191
3926	127	191
3927	127	190
3928	127	190
3929	127	191
3930	127	190
3931	127	190
3932	127	190
3933	127	191
3934	127	190
3935	127	190
3936	127	190
3937	127	191
3938	127	190
3939	127	190
3940	127	190
3941	127	190
3942	127	191
3943	127	190
3944	127	190
3945	127	190
3946	127	190
3947	127	190
3948	127	190
3949	127	190
3950	127	190
3951	127	191
3952	127	190
3953	127	191
3954	127	190
3955	128	190
3956	127	190
3957	127	190
3958	127	190
3959	128	190
3960	127	190
3961	127	190
3962	127	190
3963	128	190
3964	127	190
3965	127	190
3966	127	190
3967	127	191
3968	127	191
3969	127	191
3970	127	191
3971	127	190
3972	127	190
3973	127	190
3974	127	190
3975	127	190
3976	127	191
3977	127	191
3978	127	190
3979	127	190
3980	127	190
3981	127	190
3982	127	191
3983	127	191
3984	127	190
3985	127	190
3986	127	191
3987	128	190
3988	128	191
3989	127	191
3990	127	190
3991	127	190
3992	127	190
3993	128	190
3994	127	190
3995	127	190
3996	127	190
3997	127	190
3998	127	190
3999	127	190
4000	127	190
4001	127	190
4002	127	190
4003	127	190
4004	127	190
4005	127	190
4006	127	190
4007	127	191
4008	127	191
4009	127	190
4010	127	190
4011	127	190
4012	127	190
4013	127	190
4014	127	190
4015	127	190
4016	128	191
4017	127	190
4018	127	191
4019	127	190
4020	127	190
4021	127	190
4022	128	190
4023	127	190
4024	127	190
4025	127	191
4026	127	190
4027	127	191
4028	127	191
4029	127	190
4030	127	190
4031	127	190
4032	127	191
4033	127	190
4034	127	190
4035	127	190
4036	127	190
4037	127	190
4038	127	190
4039	127	190
4040	127	190
4041	127	191
4042	127	190
4043	127	190
4044	127	191
4045	127	190
4046	127	190
4047	127	190
4048	127	190
4049	127	190
4050	127	190
4051	127	190
4052	127	191
4053	127	190
4054	127	191
4055	127	190
4056	127	190
4057	127	190
4058	127	190
4059	127	190
4060	127	191
4061	127	190
4062	127	190
4063	127	190
4064	127	190
4065	127	190
4066	127	190
4067	127	190
4068	127	190
4069	127	190
4070	127	190
4071	127	190
4072	127	191
4073	127	190
4074	127	191
4075	128	191
4076	127	190
4077	127	190
4078	127	190
4079	127	190
4080	127	190
4081	127	190
4082	127	190
4083	127	191
4084	127	190
4085	127	190
4086	127	190
4087	127	191
4088	127	190
4089	127	191
4090	127	191
4091	127	190
4092	127	190
4093	127	191
4094	127	191
4095	127	191
