
TIME STEP:
125 = 0.2ms

VOLTAGE STEP:
CH1:  32 = 1V
CH2:  32 = 1V
GND	138	132
N	CH1	CH2

0	121	109
1	121	108
2	121	108
3	121	107
4	121	107
5	121	105
6	121	105
7	121	105
8	121	104
9	121	104
10	121	102
11	121	102
12	121	102
13	121	101
14	121	101
15	121	100
16	121	99
17	121	99
18	121	98
19	121	98
20	121	97
21	121	97
22	121	96
23	121	95
24	120	94
25	121	95
26	121	94
27	121	93
28	121	92
29	120	91
30	121	92
31	121	91
32	121	90
33	121	90
34	120	89
35	121	89
36	121	88
37	121	87
38	121	87
39	121	86
40	121	85
41	121	84
42	120	84
43	121	84
44	121	83
45	121	82
46	121	82
47	120	80
48	121	81
49	121	80
50	120	79
51	121	79
52	121	78
53	120	77
54	120	76
55	120	76
56	121	75
57	121	75
58	121	74
59	121	74
60	121	73
61	121	73
62	121	72
63	120	71
64	121	71
65	121	70
66	121	70
67	121	69
68	120	69
69	121	68
70	120	67
71	121	67
72	120	66
73	121	65
74	121	66
75	123	66
76	123	67
77	124	67
78	125	68
79	126	69
80	127	70
81	128	70
82	129	71
83	129	71
84	130	71
85	131	72
86	132	72
87	132	73
88	133	74
89	133	74
90	134	75
91	135	75
92	135	76
93	136	77
94	136	77
95	137	78
96	137	79
97	137	79
98	138	80
99	138	80
100	138	81
101	139	82
102	139	82
103	140	83
104	140	83
105	140	83
106	141	85
107	141	85
108	142	86
109	142	86
110	142	87
111	142	88
112	142	87
113	143	88
114	143	89
115	143	89
116	143	90
117	143	90
118	143	91
119	144	92
120	144	93
121	144	93
122	145	94
123	144	94
124	145	95
125	145	95
126	145	96
127	145	97
128	145	97
129	145	98
130	145	98
131	145	99
132	145	99
133	145	100
134	146	101
135	145	102
136	145	101
137	146	102
138	145	102
139	146	104
140	146	104
141	145	105
142	146	105
143	147	106
144	146	106
145	147	107
146	146	108
147	146	109
148	147	109
149	146	109
150	147	111
151	147	111
152	146	111
153	147	112
154	146	112
155	147	113
156	147	114
157	147	114
158	147	115
159	146	115
160	147	116
161	147	117
162	146	117
163	147	118
164	147	119
165	147	119
166	147	119
167	147	120
168	147	121
169	148	122
170	147	122
171	147	123
172	147	123
173	147	124
174	148	125
175	147	125
176	147	126
177	147	126
178	147	126
179	147	127
180	147	128
181	148	129
182	148	130
183	147	130
184	147	130
185	147	131
186	147	131
187	148	132
188	147	133
189	147	133
190	147	134
191	147	135
192	148	135
193	147	135
194	147	137
195	148	138
196	148	138
197	147	138
198	148	139
199	148	139
200	148	140
201	148	140
202	147	141
203	148	142
204	148	143
205	148	143
206	148	143
207	148	144
208	148	145
209	147	145
210	148	146
211	147	146
212	148	147
213	148	148
214	147	148
215	148	149
216	148	149
217	148	150
218	148	151
219	148	151
220	148	152
221	148	153
222	147	153
223	148	153
224	148	155
225	148	155
226	148	155
227	148	155
228	148	157
229	148	157
230	148	158
231	148	159
232	147	159
233	148	160
234	148	161
235	148	161
236	148	161
237	148	162
238	148	163
239	148	164
240	147	163
241	148	164
242	148	165
243	148	166
244	148	167
245	148	167
246	148	167
247	148	168
248	148	169
249	148	169
250	148	170
251	148	171
252	148	171
253	147	171
254	148	171
255	148	173
256	147	174
257	148	174
258	148	175
259	148	175
260	148	177
261	148	176
262	148	177
263	148	178
264	148	178
265	148	179
266	148	179
267	148	180
268	148	180
269	148	182
270	148	182
271	148	183
272	148	183
273	148	184
274	148	184
275	148	185
276	148	186
277	148	186
278	148	187
279	148	187
280	148	187
281	148	188
282	147	188
283	146	187
284	145	187
285	145	187
286	143	186
287	143	186
288	141	185
289	140	184
290	140	183
291	139	183
292	138	183
293	137	183
294	137	181
295	137	181
296	135	180
297	135	179
298	134	179
299	133	179
300	133	178
301	132	178
302	132	177
303	132	176
304	131	175
305	131	175
306	131	175
307	130	174
308	130	174
309	129	173
310	129	173
311	129	172
312	129	171
313	129	171
314	128	170
315	128	169
316	127	168
317	127	168
318	127	167
319	127	167
320	126	166
321	126	166
322	126	165
323	126	165
324	126	164
325	125	163
326	124	162
327	125	162
328	125	162
329	125	161
330	124	161
331	124	160
332	124	159
333	124	159
334	124	158
335	124	158
336	124	157
337	124	157
338	124	156
339	123	155
340	124	155
341	123	154
342	123	154
343	123	153
344	123	152
345	123	152
346	123	151
347	123	151
348	123	150
349	122	149
350	123	149
351	122	148
352	122	147
353	122	147
354	122	147
355	122	146
356	122	145
357	122	144
358	122	144
359	122	143
360	122	143
361	122	142
362	122	142
363	122	141
364	121	140
365	121	139
366	122	139
367	122	139
368	122	138
369	121	137
370	121	136
371	122	137
372	121	135
373	122	135
374	121	134
375	121	134
376	121	133
377	121	133
378	121	131
379	121	131
380	121	131
381	121	130
382	121	129
383	121	129
384	121	129
385	121	127
386	121	127
387	121	127
388	121	126
389	122	125
390	121	125
391	121	125
392	121	124
393	121	123
394	121	122
395	121	122
396	121	121
397	121	121
398	121	120
399	121	119
400	121	119
401	121	118
402	121	118
403	121	117
404	121	116
405	121	116
406	121	115
407	121	114
408	121	114
409	120	114
410	121	114
411	121	113
412	121	111
413	121	111
414	121	111
415	121	111
416	121	108
417	121	108
418	121	109
419	121	108
420	121	107
421	121	106
422	121	105
423	121	105
424	121	105
425	121	104
426	121	103
427	121	103
428	121	102
429	121	101
430	121	100
431	121	100
432	121	99
433	121	99
434	121	99
435	121	97
436	121	98
437	121	97
438	121	97
439	121	96
440	121	95
441	121	94
442	121	94
443	121	93
444	121	93
445	120	92
446	121	91
447	121	91
448	120	91
449	121	90
450	121	89
451	120	89
452	121	88
453	120	87
454	121	87
455	121	86
456	121	86
457	121	85
458	120	84
459	121	83
460	121	83
461	121	82
462	121	82
463	121	82
464	121	80
465	121	80
466	120	80
467	120	78
468	121	79
469	121	77
470	121	77
471	121	77
472	121	75
473	121	75
474	120	75
475	121	74
476	121	74
477	121	73
478	121	73
479	121	72
480	120	71
481	121	71
482	120	69
483	121	69
484	121	69
485	121	69
486	121	68
487	120	67
488	121	66
489	121	66
490	121	65
491	122	66
492	123	67
493	123	67
494	125	68
495	125	68
496	127	69
497	128	70
498	128	70
499	129	71
500	129	71
501	131	71
502	131	73
503	132	73
504	133	74
505	133	74
506	134	75
507	134	75
508	135	75
509	136	76
510	136	77
511	136	77
512	137	78
513	137	79
514	137	79
515	138	80
516	138	80
517	139	81
518	139	81
519	140	82
520	140	83
521	140	83
522	140	84
523	141	85
524	141	85
525	141	86
526	142	87
527	142	87
528	143	88
529	142	88
530	143	88
531	142	89
532	143	90
533	143	91
534	143	91
535	144	92
536	144	93
537	144	93
538	144	93
539	144	94
540	144	95
541	145	95
542	144	95
543	145	96
544	145	97
545	145	97
546	145	98
547	145	98
548	145	99
549	145	100
550	145	99
551	145	101
552	145	102
553	145	102
554	146	103
555	145	103
556	146	104
557	145	104
558	146	105
559	146	106
560	146	106
561	146	107
562	147	107
563	146	108
564	146	109
565	146	109
566	146	110
567	147	111
568	146	111
569	147	112
570	146	112
571	146	113
572	147	113
573	147	114
574	147	115
575	148	115
576	147	115
577	147	116
578	147	117
579	147	118
580	147	119
581	147	118
582	147	119
583	147	120
584	147	121
585	147	121
586	147	122
587	147	122
588	147	123
589	147	123
590	147	124
591	147	124
592	147	125
593	147	127
594	147	126
595	147	126
596	147	127
597	147	128
598	148	129
599	148	129
600	148	130
601	148	130
602	147	131
603	147	132
604	148	133
605	147	133
606	148	133
607	148	134
608	147	134
609	148	135
610	147	135
611	148	136
612	148	137
613	148	138
614	148	139
615	147	139
616	148	139
617	148	140
618	148	141
619	148	142
620	147	142
621	147	142
622	148	143
623	147	143
624	148	145
625	147	145
626	148	145
627	148	147
628	147	147
629	148	147
630	148	148
631	148	149
632	148	149
633	147	149
634	147	150
635	148	151
636	148	151
637	148	151
638	148	153
639	148	153
640	148	154
641	148	154
642	148	155
643	148	156
644	147	156
645	148	158
646	148	157
647	148	158
648	148	159
649	148	159
650	148	160
651	148	160
652	148	161
653	148	162
654	147	162
655	148	163
656	148	163
657	148	164
658	148	165
659	148	165
660	147	166
661	148	167
662	148	167
663	147	167
664	148	168
665	148	169
666	148	170
667	148	170
668	148	170
669	148	171
670	147	171
671	148	172
672	148	173
673	148	173
674	148	174
675	148	175
676	148	175
677	148	176
678	147	176
679	148	178
680	148	178
681	148	179
682	148	179
683	148	179
684	148	180
685	148	181
686	148	181
687	148	183
688	148	183
689	148	183
690	148	183
691	148	184
692	148	185
693	148	185
694	148	186
695	148	187
696	148	187
697	148	188
698	148	189
699	148	189
700	145	187
701	145	187
702	144	186
703	143	186
704	143	186
705	141	185
706	140	183
707	140	183
708	139	183
709	138	182
710	137	182
711	137	181
712	136	181
713	136	180
714	135	180
715	134	179
716	133	178
717	133	179
718	133	177
719	132	176
720	132	176
721	132	175
722	131	175
723	130	175
724	129	174
725	130	173
726	129	172
727	129	172
728	129	171
729	129	171
730	128	171
731	128	170
732	127	169
733	127	169
734	127	169
735	126	167
736	127	167
737	126	166
738	126	166
739	126	165
740	125	165
741	125	164
742	125	163
743	125	162
744	125	163
745	124	162
746	125	161
747	124	160
748	124	160
749	124	159
750	124	158
751	124	158
752	124	158
753	124	157
754	124	156
755	124	155
756	124	155
757	123	155
758	123	154
759	123	154
760	123	153
761	123	152
762	122	151
763	122	151
764	123	151
765	123	150
766	123	149
767	122	149
768	122	147
769	122	147
770	122	147
771	122	146
772	122	146
773	122	145
774	122	144
775	122	143
776	122	143
777	122	143
778	122	142
779	122	142
780	122	141
781	122	140
782	121	139
783	122	139
784	121	138
785	122	138
786	122	138
787	121	137
788	121	136
789	121	135
790	122	135
791	122	134
792	121	134
793	121	133
794	121	132
795	121	131
796	122	131
797	121	131
798	121	130
799	121	129
800	121	128
801	121	128
802	121	127
803	121	127
804	121	127
805	121	126
806	121	125
807	121	125
808	121	124
809	121	123
810	121	122
811	121	122
812	121	122
813	121	121
814	121	120
815	121	119
816	121	119
817	121	119
818	121	118
819	121	118
820	121	117
821	121	116
822	121	116
823	121	115
824	121	114
825	121	114
826	121	114
827	121	112
828	121	112
829	121	112
830	121	111
831	121	111
832	121	110
833	121	109
834	121	109
835	121	108
836	121	107
837	121	107
838	121	106
839	121	105
840	121	105
841	121	104
842	121	104
843	121	103
844	121	103
845	121	102
846	121	101
847	121	101
848	121	100
849	121	99
850	121	99
851	121	98
852	121	98
853	121	98
854	121	97
855	121	96
856	121	95
857	121	95
858	121	94
859	121	94
860	120	93
861	121	93
862	121	92
863	121	91
864	121	91
865	121	90
866	121	90
867	120	89
868	121	89
869	121	87
870	121	87
871	121	87
872	121	86
873	120	86
874	121	85
875	120	84
876	121	83
877	121	83
878	120	83
879	121	83
880	121	81
881	121	82
882	121	80
883	121	79
884	121	79
885	120	78
886	120	78
887	121	77
888	121	77
889	121	76
890	121	75
891	121	75
892	121	75
893	120	73
894	121	73
895	121	72
896	120	72
897	121	71
898	120	71
899	121	69
900	121	70
901	121	69
902	121	68
903	121	67
904	121	67
905	121	67
906	121	66
907	121	66
908	123	66
909	123	66
910	125	67
911	125	67
912	126	68
913	127	69
914	128	70
915	129	70
916	130	71
917	130	71
918	131	72
919	131	73
920	132	73
921	133	74
922	133	74
923	134	75
924	134	75
925	135	76
926	135	77
927	136	78
928	137	78
929	137	78
930	137	79
931	137	79
932	138	80
933	139	80
934	139	81
935	139	82
936	140	83
937	139	83
938	140	83
939	141	84
940	141	85
941	141	85
942	142	86
943	142	87
944	142	87
945	142	87
946	143	89
947	143	89
948	143	89
949	143	90
950	143	90
951	143	91
952	144	91
953	143	93
954	144	93
955	144	94
956	144	94
957	144	95
958	145	95
959	145	96
960	145	96
961	145	97
962	145	97
963	145	98
964	145	98
965	145	99
966	145	100
967	145	100
968	145	101
969	145	101
970	146	102
971	146	103
972	145	103
973	145	104
974	145	103
975	146	105
976	146	106
977	146	106
978	146	107
979	147	107
980	146	108
981	147	109
982	146	109
983	146	110
984	146	111
985	146	111
986	147	112
987	147	112
988	147	113
989	147	114
990	146	114
991	147	115
992	147	115
993	147	116
994	147	117
995	147	117
996	147	118
997	147	118
998	147	118
999	147	119
1000	147	119
1001	146	121
1002	148	122
1003	148	122
1004	148	122
1005	147	123
1006	147	123
1007	148	124
1008	147	125
1009	147	125
1010	147	126
1011	147	126
1012	147	127
1013	147	127
1014	147	128
1015	148	129
1016	147	130
1017	147	130
1018	148	131
1019	147	131
1020	147	132
1021	147	132
1022	147	133
1023	147	134
1024	147	134
1025	148	135
1026	147	135
1027	147	136
1028	148	137
1029	147	137
1030	148	138
1031	148	138
1032	148	139
1033	148	140
1034	147	140
1035	147	141
1036	147	141
1037	147	142
1038	148	143
1039	148	143
1040	147	143
1041	148	145
1042	148	145
1043	148	145
1044	148	147
1045	147	147
1046	148	148
1047	147	148
1048	148	148
1049	148	150
1050	147	150
1051	148	151
1052	147	151
1053	148	151
1054	148	153
1055	148	153
1056	148	154
1057	148	155
1058	148	155
1059	148	155
1060	148	156
1061	148	156
1062	148	157
1063	148	157
1064	148	158
1065	148	159
1066	147	160
1067	148	160
1068	148	161
1069	148	162
1070	148	162
1071	148	162
1072	148	163
1073	148	163
1074	148	164
1075	148	165
1076	148	165
1077	148	166
1078	148	167
1079	147	167
1080	148	167
1081	148	169
1082	147	169
1083	148	170
1084	148	170
1085	148	171
1086	148	171
1087	148	172
1088	148	173
1089	148	172
1090	148	174
1091	148	175
1092	148	175
1093	148	176
1094	148	176
1095	148	177
1096	148	178
1097	148	178
1098	148	179
1099	148	179
1100	148	179
1101	148	180
1102	148	180
1103	148	181
1104	148	183
1105	148	183
1106	148	183
1107	148	184
1108	148	185
1109	148	185
1110	148	186
1111	148	187
1112	148	187
1113	148	187
1114	148	188
1115	148	189
1116	147	188
1117	145	187
1118	145	187
1119	144	186
1120	143	186
1121	142	185
1122	140	185
1123	140	183
1124	139	183
1125	138	182
1126	138	182
1127	137	182
1128	136	181
1129	136	181
1130	135	179
1131	135	179
1132	134	179
1133	133	179
1134	133	178
1135	132	177
1136	132	177
1137	132	176
1138	131	175
1139	131	175
1140	130	174
1141	130	174
1142	129	173
1143	129	171
1144	129	172
1145	129	171
1146	128	171
1147	128	171
1148	127	170
1149	127	169
1150	128	169
1151	127	167
1152	127	167
1153	126	167
1154	126	166
1155	126	166
1156	126	165
1157	126	164
1158	125	164
1159	125	162
1160	125	163
1161	125	162
1162	124	161
1163	125	161
1164	124	160
1165	124	159
1166	124	159
1167	124	158
1168	124	158
1169	123	157
1170	124	157
1171	124	157
1172	123	155
1173	123	155
1174	123	154
1175	123	153
1176	124	153
1177	123	152
1178	123	151
1179	123	151
1180	123	150
1181	123	150
1182	122	150
1183	123	149
1184	123	148
1185	122	147
1186	123	147
1187	122	147
1188	122	146
1189	122	146
1190	122	145
1191	122	145
1192	122	143
1193	122	143
1194	122	143
1195	122	142
1196	122	142
1197	122	141
1198	121	140
1199	122	139
1200	121	139
1201	122	138
1202	122	138
1203	121	137
1204	121	136
1205	122	135
1206	121	135
1207	122	135
1208	121	134
1209	122	133
1210	122	133
1211	121	132
1212	121	131
1213	121	131
1214	121	130
1215	121	130
1216	121	129
1217	121	129
1218	121	128
1219	121	127
1220	122	127
1221	121	126
1222	121	126
1223	121	126
1224	121	125
1225	121	123
1226	121	123
1227	121	123
1228	121	122
1229	121	121
1230	121	121
1231	121	120
1232	121	119
1233	121	119
1234	121	118
1235	121	118
1236	121	118
1237	121	117
1238	121	115
1239	121	115
1240	121	115
1241	121	114
1242	121	114
1243	121	113
1244	121	112
1245	121	111
1246	121	111
1247	121	111
1248	121	110
1249	121	110
1250	121	109
1251	121	108
1252	121	108
1253	121	107
1254	121	107
1255	121	106
1256	121	105
1257	121	105
1258	121	104
1259	121	103
1260	121	103
1261	121	102
1262	121	102
1263	121	101
1264	121	100
1265	121	99
1266	120	99
1267	121	99
1268	121	98
1269	121	98
1270	121	97
1271	120	96
1272	121	96
1273	121	95
1274	120	94
1275	121	94
1276	121	94
1277	121	93
1278	121	93
1279	120	91
1280	121	91
1281	121	91
1282	121	91
1283	121	90
1284	121	89
1285	121	89
1286	121	87
1287	120	86
1288	121	87
1289	121	86
1290	121	85
1291	121	85
1292	120	84
1293	121	83
1294	121	83
1295	120	82
1296	121	82
1297	121	81
1298	121	81
1299	120	80
1300	120	79
1301	121	79
1302	121	78
1303	120	77
1304	121	77
1305	120	76
1306	120	76
1307	121	75
1308	121	75
1309	121	74
1310	121	73
1311	121	73
1312	120	72
1313	121	71
1314	121	71
1315	121	71
1316	121	70
1317	121	69
1318	121	68
1319	121	68
1320	121	67
1321	121	67
1322	121	66
1323	120	65
1324	121	66
1325	123	67
1326	123	67
1327	124	68
1328	125	67
1329	126	69
1330	127	69
1331	129	70
1332	129	70
1333	130	71
1334	131	72
1335	131	72
1336	131	72
1337	132	73
1338	133	74
1339	133	74
1340	134	75
1341	134	75
1342	135	75
1343	136	77
1344	136	77
1345	137	78
1346	137	78
1347	137	79
1348	138	79
1349	138	80
1350	138	80
1351	139	82
1352	139	81
1353	140	83
1354	139	83
1355	140	83
1356	141	85
1357	141	85
1358	141	85
1359	141	86
1360	142	86
1361	142	87
1362	142	87
1363	143	88
1364	143	89
1365	143	89
1366	143	91
1367	142	91
1368	143	91
1369	144	92
1370	144	92
1371	144	93
1372	144	94
1373	144	94
1374	145	95
1375	144	95
1376	144	96
1377	145	96
1378	145	97
1379	145	98
1380	145	98
1381	145	99
1382	145	99
1383	145	99
1384	145	101
1385	145	101
1386	145	102
1387	146	103
1388	145	103
1389	145	103
1390	146	104
1391	145	104
1392	146	105
1393	147	106
1394	146	106
1395	146	107
1396	147	107
1397	147	108
1398	146	109
1399	146	109
1400	147	111
1401	146	111
1402	146	111
1403	147	112
1404	146	113
1405	147	113
1406	147	114
1407	146	114
1408	147	115
1409	147	115
1410	147	116
1411	147	117
1412	147	117
1413	147	118
1414	147	118
1415	146	119
1416	147	119
1417	146	119
1418	147	121
1419	147	122
1420	147	122
1421	147	123
1422	147	123
1423	147	123
1424	148	125
1425	147	125
1426	147	125
1427	147	126
1428	147	127
1429	147	128
1430	147	127
1431	148	129
1432	147	129
1433	147	130
1434	148	130
1435	147	131
1436	147	131
1437	148	132
1438	147	133
1439	147	134
1440	148	134
1441	148	135
1442	147	135
1443	147	135
1444	148	137
1445	148	137
1446	147	137
1447	147	138
1448	147	139
1449	148	139
1450	148	140
1451	147	140
1452	148	141
1453	148	142
1454	147	142
1455	148	143
1456	148	143
1457	148	145
1458	148	145
1459	147	145
1460	148	146
1461	148	147
1462	148	147
1463	148	148
1464	147	147
1465	148	149
1466	148	149
1467	148	150
1468	148	151
1469	147	151
1470	148	153
1471	148	153
1472	148	153
1473	148	154
1474	148	154
1475	148	155
1476	148	155
1477	147	156
1478	148	157
1479	148	158
1480	148	158
1481	148	159
1482	147	159
1483	148	160
1484	148	161
1485	148	161
1486	148	161
1487	148	162
1488	148	163
1489	148	163
1490	147	164
1491	148	165
1492	148	165
1493	148	166
1494	148	166
1495	148	167
1496	148	168
1497	148	168
1498	148	169
1499	148	169
1500	148	170
1501	148	170
1502	148	171
1503	148	171
1504	148	172
1505	148	173
1506	148	174
1507	148	175
1508	148	175
1509	148	175
1510	148	176
1511	148	176
1512	148	177
1513	148	178
1514	148	178
1515	148	179
1516	148	179
1517	148	180
1518	148	181
1519	148	181
1520	148	182
1521	148	183
1522	148	183
1523	148	183
1524	148	184
1525	148	184
1526	149	185
1527	148	186
1528	148	187
1529	148	187
1530	148	187
1531	148	188
1532	148	188
1533	146	187
1534	145	187
1535	145	187
1536	144	186
1537	143	186
1538	141	185
1539	140	184
1540	140	183
1541	139	183
1542	138	182
1543	137	182
1544	137	182
1545	136	181
1546	136	181
1547	135	180
1548	134	179
1549	134	178
1550	134	179
1551	133	178
1552	132	177
1553	132	177
1554	131	175
1555	131	175
1556	131	175
1557	130	174
1558	130	173
1559	129	173
1560	129	171
1561	129	172
1562	128	171
1563	128	171
1564	127	170
1565	128	170
1566	127	169
1567	127	169
1568	127	167
1569	127	167
1570	126	167
1571	126	166
1572	126	165
1573	126	165
1574	126	165
1575	125	163
1576	125	163
1577	125	163
1578	124	162
1579	125	161
1580	124	160
1581	124	159
1582	124	160
1583	124	159
1584	124	158
1585	124	158
1586	124	157
1587	124	157
1588	124	156
1589	123	155
1590	124	155
1591	124	154
1592	123	154
1593	124	153
1594	123	151
1595	123	152
1596	122	150
1597	123	151
1598	123	150
1599	122	149
1600	123	149
1601	122	148
1602	122	147
1603	123	147
1604	122	146
1605	122	146
1606	123	145
1607	122	144
1608	123	144
1609	122	143
1610	122	143
1611	122	142
1612	122	142
1613	122	141
1614	122	140
1615	121	140
1616	121	139
1617	122	139
1618	122	138
1619	122	137
1620	121	136
1621	122	136
1622	121	136
1623	122	135
1624	121	134
1625	121	133
1626	122	134
1627	121	133
1628	121	132
1629	121	131
1630	121	131
1631	121	130
1632	121	130
1633	121	129
1634	121	129
1635	121	128
1636	121	127
1637	121	127
1638	121	126
1639	121	126
1640	121	125
1641	121	123
1642	121	124
1643	121	123
1644	121	123
1645	121	122
1646	121	121
1647	121	121
1648	121	121
1649	121	119
1650	121	119
1651	121	118
1652	121	118
1653	121	117
1654	121	116
1655	121	116
1656	121	115
1657	121	115
1658	120	114
1659	121	113
1660	121	113
1661	121	112
1662	121	112
1663	121	111
1664	121	110
1665	121	110
1666	121	109
1667	121	109
1668	121	109
1669	121	107
1670	120	106
1671	120	106
1672	120	106
1673	121	105
1674	121	105
1675	121	104
1676	121	103
1677	121	103
1678	120	102
1679	121	102
1680	121	101
1681	121	100
1682	121	99
1683	121	99
1684	121	98
1685	120	97
1686	121	98
1687	121	97
1688	121	97
1689	121	96
1690	120	95
1691	120	94
1692	121	95
1693	121	93
1694	121	93
1695	121	92
1696	121	91
1697	121	91
1698	120	90
1699	121	90
1700	121	90
1701	121	89
1702	121	88
1703	121	88
1704	121	87
1705	121	86
1706	120	86
1707	121	85
1708	120	84
1709	120	83
1710	121	83
1711	121	82
1712	121	82
1713	121	82
1714	121	81
1715	121	81
1716	120	79
1717	120	78
1718	121	78
1719	120	77
1720	120	78
1721	121	76
1722	121	75
1723	121	75
1724	120	75
1725	121	74
1726	121	74
1727	120	73
1728	121	72
1729	121	71
1730	120	71
1731	121	71
1732	120	70
1733	121	69
1734	121	69
1735	121	68
1736	121	68
1737	120	67
1738	120	67
1739	121	66
1740	121	65
1741	122	67
1742	123	67
1743	124	67
1744	124	68
1745	126	68
1746	127	69
1747	128	70
1748	129	70
1749	129	71
1750	130	71
1751	131	72
1752	131	72
1753	131	73
1754	132	73
1755	133	74
1756	134	74
1757	134	75
1758	135	75
1759	135	76
1760	136	77
1761	136	77
1762	137	78
1763	137	78
1764	137	79
1765	138	80
1766	138	80
1767	139	81
1768	139	82
1769	140	82
1770	139	83
1771	140	83
1772	140	84
1773	141	85
1774	141	85
1775	141	86
1776	141	86
1777	142	87
1778	142	87
1779	142	88
1780	142	89
1781	142	89
1782	143	90
1783	143	90
1784	143	91
1785	143	91
1786	144	92
1787	144	93
1788	143	93
1789	144	94
1790	144	95
1791	145	95
1792	144	95
1793	144	96
1794	145	97
1795	145	97
1796	145	98
1797	145	98
1798	145	98
1799	145	100
1800	145	100
1801	145	101
1802	145	101
1803	146	102
1804	145	103
1805	145	103
1806	146	103
1807	146	104
1808	146	105
1809	145	106
1810	146	106
1811	146	107
1812	146	107
1813	146	108
1814	146	109
1815	147	110
1816	147	110
1817	146	111
1818	146	111
1819	147	111
1820	146	112
1821	147	113
1822	147	113
1823	147	114
1824	147	115
1825	147	115
1826	147	115
1827	146	117
1828	147	117
1829	147	118
1830	147	118
1831	147	118
1832	147	119
1833	147	120
1834	147	119
1835	147	121
1836	147	122
1837	147	123
1838	148	123
1839	147	123
1840	147	124
1841	147	125
1842	148	125
1843	147	126
1844	147	126
1845	147	127
1846	147	127
1847	147	128
1848	148	129
1849	147	130
1850	147	130
1851	147	131
1852	147	131
1853	147	131
1854	148	133
1855	148	133
1856	148	133
1857	147	134
1858	148	134
1859	147	135
1860	148	136
1861	147	137
1862	148	137
1863	147	138
1864	148	139
1865	147	139
1866	147	139
1867	148	140
1868	147	141
1869	148	142
1870	147	142
1871	147	142
1872	148	143
1873	148	143
1874	148	144
1875	148	145
1876	148	146
1877	148	146
1878	147	147
1879	148	147
1880	148	149
1881	147	149
1882	148	150
1883	148	150
1884	148	150
1885	147	151
1886	148	151
1887	148	152
1888	148	153
1889	148	153
1890	148	154
1891	148	154
1892	147	155
1893	148	155
1894	148	156
1895	148	157
1896	148	157
1897	148	158
1898	148	159
1899	148	159
1900	148	160
1901	148	161
1902	148	162
1903	148	162
1904	147	162
1905	147	163
1906	148	163
1907	148	164
1908	148	165
1909	147	165
1910	148	165
1911	148	167
1912	148	167
1913	148	167
1914	148	169
1915	147	169
1916	148	170
1917	148	170
1918	148	171
1919	148	171
1920	148	171
1921	148	173
1922	148	173
1923	147	172
1924	148	175
1925	148	175
1926	148	175
1927	148	176
1928	148	176
1929	148	177
1930	148	178
1931	148	178
1932	148	179
1933	148	179
1934	148	180
1935	148	180
1936	148	181
1937	148	182
1938	148	183
1939	148	183
1940	148	184
1941	147	184
1942	148	185
1943	148	186
1944	148	186
1945	148	187
1946	148	187
1947	148	187
1948	148	189
1949	147	188
1950	146	187
1951	145	187
1952	144	186
1953	143	186
1954	143	186
1955	141	184
1956	140	183
1957	140	184
1958	138	183
1959	138	182
1960	137	182
1961	137	181
1962	136	181
1963	135	180
1964	135	179
1965	133	178
1966	133	178
1967	133	179
1968	132	177
1969	132	177
1970	132	177
1971	131	175
1972	131	175
1973	130	174
1974	130	174
1975	130	174
1976	129	173
1977	129	173
1978	129	171
1979	128	171
1980	129	171
1981	128	170
1982	127	169
1983	127	168
1984	127	168
1985	127	167
1986	127	167
1987	126	166
1988	126	166
1989	126	165
1990	126	165
1991	126	164
1992	125	163
1993	125	163
1994	125	162
1995	124	161
1996	125	161
1997	124	161
1998	124	159
1999	124	159
2000	124	158
2001	124	159
2002	124	158
2003	124	157
2004	124	156
2005	124	155
2006	123	155
2007	123	154
2008	123	154
2009	123	153
2010	123	153
2011	123	152
2012	123	151
2013	122	151
2014	123	151
2015	123	150
2016	123	149
2017	123	149
2018	123	148
2019	122	147
2020	122	147
2021	122	146
2022	123	146
2023	123	145
2024	122	144
2025	122	144
2026	122	143
2027	122	143
2028	122	142
2029	122	142
2030	122	140
2031	121	140
2032	121	139
2033	122	139
2034	121	138
2035	122	138
2036	122	137
2037	121	136
2038	122	135
2039	121	135
2040	121	135
2041	122	134
2042	121	134
2043	122	133
2044	121	132
2045	121	131
2046	121	131
2047	121	131
2048	121	130
2049	121	130
2050	121	129
2051	121	128
2052	121	127
2053	121	127
2054	121	127
2055	121	126
2056	121	125
2057	121	124
2058	121	123
2059	121	123
2060	121	122
2061	121	123
2062	121	122
2063	121	121
2064	121	121
2065	121	119
2066	121	119
2067	121	119
2068	121	118
2069	121	118
2070	121	117
2071	121	116
2072	121	115
2073	121	115
2074	121	115
2075	121	114
2076	121	114
2077	121	113
2078	121	112
2079	121	111
2080	121	111
2081	121	110
2082	121	110
2083	121	109
2084	120	108
2085	121	108
2086	120	107
2087	121	107
2088	121	106
2089	121	105
2090	121	105
2091	121	104
2092	121	104
2093	121	103
2094	121	102
2095	121	102
2096	121	101
2097	120	100
2098	121	100
2099	120	99
2100	121	99
2101	121	98
2102	120	97
2103	121	98
2104	121	97
2105	121	96
2106	121	96
2107	121	95
2108	120	94
2109	121	94
2110	120	93
2111	121	93
2112	121	92
2113	121	91
2114	121	91
2115	120	90
2116	121	90
2117	121	89
2118	121	88
2119	121	88
2120	121	87
2121	121	87
2122	121	86
2123	120	85
2124	121	85
2125	121	84
2126	121	84
2127	121	83
2128	120	82
2129	121	82
2130	120	81
2131	121	81
2132	121	80
2133	121	79
2134	120	78
2135	120	78
2136	120	78
2137	121	78
2138	120	77
2139	121	75
2140	121	75
2141	121	74
2142	121	74
2143	121	73
2144	121	73
2145	121	72
2146	121	72
2147	121	71
2148	121	70
2149	120	70
2150	121	69
2151	121	69
2152	120	68
2153	121	67
2154	120	67
2155	120	67
2156	121	65
2157	121	66
2158	123	66
2159	123	67
2160	124	67
2161	125	68
2162	126	68
2163	127	69
2164	128	70
2165	129	70
2166	129	71
2167	130	71
2168	131	72
2169	132	72
2170	132	73
2171	133	74
2172	133	74
2173	134	75
2174	134	75
2175	135	76
2176	136	76
2177	137	77
2178	137	78
2179	137	79
2180	137	79
2181	137	79
2182	138	80
2183	139	80
2184	139	81
2185	139	82
2186	140	83
2187	140	82
2188	140	83
2189	140	84
2190	141	85
2191	141	85
2192	141	86
2193	141	86
2194	142	87
2195	142	87
2196	142	88
2197	143	88
2198	142	89
2199	143	90
2200	143	90
2201	143	91
2202	144	91
2203	144	93
2204	144	93
2205	144	94
2206	144	94
2207	145	95
2208	145	95
2209	145	95
2210	145	97
2211	145	96
2212	145	97
2213	145	98
2214	145	98
2215	145	99
2216	145	100
2217	145	99
2218	146	101
2219	145	101
2220	145	102
2221	145	102
2222	146	103
2223	146	104
2224	146	104
2225	146	105
2226	146	106
2227	147	106
2228	147	107
2229	147	107
2230	146	108
2231	146	109
2232	146	109
2233	146	110
2234	146	111
2235	146	111
2236	146	111
2237	146	112
2238	147	113
2239	147	113
2240	147	114
2241	147	115
2242	147	115
2243	146	116
2244	147	117
2245	147	116
2246	147	117
2247	147	118
2248	147	119
2249	147	119
2250	147	120
2251	147	121
2252	147	121
2253	147	122
2254	147	123
2255	147	123
2256	148	124
2257	147	124
2258	147	125
2259	147	126
2260	147	126
2261	147	127
2262	147	127
2263	147	127
2264	147	128
2265	148	129
2266	148	130
2267	148	130
2268	148	131
2269	147	131
2270	148	132
2271	147	132
2272	148	133
2273	148	134
2274	147	134
2275	148	135
2276	147	135
2277	148	136
2278	148	137
2279	147	137
2280	147	138
2281	148	138
2282	147	139
2283	148	140
2284	147	140
2285	148	141
2286	148	141
2287	147	142
2288	148	143
2289	148	143
2290	147	143
2291	147	145
2292	148	145
2293	148	146
2294	148	147
2295	148	147
2296	148	148
2297	148	148
2298	148	149
2299	148	150
2300	148	150
2301	148	150
2302	148	151
2303	147	151
2304	148	153
2305	148	153
2306	148	153
2307	148	154
2308	148	155
2309	148	156
2310	148	155
2311	148	157
2312	148	157
2313	147	158
2314	148	159
2315	147	159
2316	147	159
2317	148	160
2318	148	161
2319	148	161
2320	148	162
2321	148	162
2322	148	163
2323	148	163
2324	148	165
2325	148	165
2326	148	165
2327	148	167
2328	148	167
2329	148	167
2330	148	168
2331	148	169
2332	148	169
2333	148	170
2334	148	169
2335	148	171
2336	148	171
2337	148	172
2338	148	173
2339	148	173
2340	148	174
2341	148	175
2342	148	175
2343	148	176
2344	148	176
2345	148	177
2346	148	177
2347	148	178
2348	148	179
2349	148	179
2350	148	180
2351	148	181
2352	148	180
2353	148	182
2354	148	183
2355	148	182
2356	148	183
2357	148	184
2358	148	184
2359	148	186
2360	148	186
2361	148	187
2362	148	187
2363	148	187
2364	148	188
2365	148	189
2366	147	188
2367	145	187
2368	145	187
2369	144	187
2370	143	185
2371	142	185
2372	141	184
2373	140	183
2374	139	183
2375	138	183
2376	138	182
2377	137	182
2378	136	181
2379	135	181
2380	135	179
2381	135	179
2382	134	179
2383	133	179
2384	133	178
2385	132	178
2386	132	176
2387	131	176
2388	131	175
2389	131	175
2390	130	174
2391	129	174
2392	129	173
2393	129	172
2394	129	171
2395	129	171
2396	129	171
2397	128	170
2398	127	169
2399	127	169
2400	128	169
2401	127	167
2402	127	167
2403	126	167
2404	126	166
2405	127	166
2406	126	165
2407	126	165
2408	125	163
2409	125	163
2410	125	162
2411	124	162
2412	125	161
2413	125	161
2414	124	160
2415	124	159
2416	124	159
2417	124	159
2418	124	158
2419	124	157
2420	124	157
2421	124	155
2422	123	155
2423	123	155
2424	123	155
2425	123	154
2426	123	153
2427	123	153
2428	123	152
2429	122	151
2430	123	151
2431	123	150
2432	123	150
2433	123	149
2434	123	149
2435	123	148
2436	122	147
2437	122	146
2438	122	146
2439	122	145
2440	122	145
2441	123	145
2442	122	143
2443	122	143
2444	122	143
2445	122	141
2446	122	142
2447	121	141
2448	122	140
2449	121	139
2450	122	139
2451	122	138
2452	122	138
2453	121	137
2454	122	136
2455	121	136
2456	122	135
2457	121	135
2458	121	134
2459	121	134
2460	122	133
2461	121	132
2462	121	131
2463	121	131
2464	121	130
2465	121	130
2466	121	129
2467	121	129
2468	121	128
2469	121	127
2470	121	127
2471	121	125
2472	121	126
2473	121	125
2474	121	124
2475	121	123
2476	121	123
2477	121	122
2478	121	122
2479	121	121
2480	121	121
2481	121	120
2482	121	119
2483	121	119
2484	121	118
2485	121	118
2486	121	118
2487	121	117
2488	121	116
2489	121	116
2490	120	115
2491	121	115
2492	121	114
2493	121	113
2494	121	112
2495	121	111
2496	122	112
2497	121	111
2498	121	111
2499	121	110
2500	121	109
2501	121	109
2502	121	108
2503	120	107
2504	121	106
2505	121	106
2506	121	105
2507	121	105
2508	121	104
2509	121	103
2510	121	103
2511	121	102
2512	121	102
2513	121	101
2514	121	100
2515	121	100
2516	121	99
2517	121	99
2518	121	98
2519	121	97
2520	121	97
2521	121	97
2522	121	96
2523	121	95
2524	120	95
2525	121	94
2526	121	94
2527	121	93
2528	121	92
2529	121	91
2530	121	91
2531	121	91
2532	121	90
2533	121	89
2534	121	89
2535	121	89
2536	121	87
2537	121	87
2538	121	87
2539	121	86
2540	121	85
2541	121	85
2542	121	84
2543	121	83
2544	121	83
2545	121	83
2546	121	81
2547	121	81
2548	121	81
2549	120	79
2550	120	79
2551	120	79
2552	121	78
2553	121	77
2554	121	77
2555	120	75
2556	121	75
2557	121	75
2558	121	74
2559	121	74
2560	120	74
2561	121	73
2562	121	72
2563	120	71
2564	121	71
2565	121	71
2566	121	70
2567	120	69
2568	120	68
2569	121	69
2570	121	67
2571	121	67
2572	120	66
2573	120	65
2574	121	66
2575	123	67
2576	124	67
2577	125	68
2578	125	67
2579	127	68
2580	128	69
2581	128	70
2582	129	70
2583	130	71
2584	130	71
2585	131	72
2586	132	72
2587	132	73
2588	133	73
2589	134	74
2590	135	75
2591	135	75
2592	135	75
2593	136	77
2594	136	77
2595	137	78
2596	137	78
2597	137	79
2598	138	80
2599	138	80
2600	138	81
2601	139	82
2602	139	82
2603	140	82
2604	139	83
2605	140	83
2606	141	85
2607	141	85
2608	141	85
2609	142	86
2610	142	87
2611	142	87
2612	142	87
2613	143	88
2614	142	89
2615	142	89
2616	143	90
2617	143	91
2618	143	91
2619	144	93
2620	144	93
2621	144	93
2622	145	94
2623	144	94
2624	144	95
2625	145	96
2626	144	96
2627	145	97
2628	145	97
2629	145	98
2630	145	98
2631	145	98
2632	145	99
2633	145	100
2634	145	100
2635	145	101
2636	145	102
2637	145	102
2638	145	103
2639	146	103
2640	146	104
2641	145	105
2642	146	105
2643	146	106
2644	146	106
2645	146	107
2646	146	108
2647	146	108
2648	147	109
2649	146	109
2650	146	110
2651	146	110
2652	147	111
2653	147	112
2654	146	113
2655	147	113
2656	147	114
2657	146	115
2658	147	115
2659	147	115
2660	146	116
2661	147	117
2662	147	117
2663	147	118
2664	147	118
2665	147	119
2666	147	119
2667	147	120
2668	147	121
2669	148	122
2670	147	122
2671	147	123
2672	147	123
2673	147	124
2674	148	125
2675	147	125
2676	147	126
2677	147	126
2678	148	127
2679	147	127
2680	147	127
2681	148	128
2682	147	129
2683	147	130
2684	147	130
2685	147	131
2686	148	131
2687	148	133
2688	147	132
2689	147	133
2690	147	134
2691	148	134
2692	148	135
2693	147	135
2694	148	137
2695	148	137
2696	147	137
2697	148	138
2698	148	139
2699	147	139
2700	148	140
2701	147	140
2702	148	141
2703	147	142
2704	148	142
2705	147	143
2706	147	143
2707	148	144
2708	148	145
2709	148	145
2710	148	146
2711	148	147
2712	147	147
2713	147	148
2714	148	148
2715	148	149
2716	148	149
2717	148	151
2718	148	151
2719	147	151
2720	148	153
2721	148	153
2722	148	153
2723	148	154
2724	148	155
2725	147	155
2726	148	155
2727	147	156
2728	148	157
2729	147	157
2730	148	158
2731	148	159
2732	147	159
2733	148	159
2734	148	161
2735	148	161
2736	148	162
2737	148	162
2738	148	163
2739	148	163
2740	147	163
2741	148	164
2742	148	165
2743	148	166
2744	148	166
2745	147	167
2746	148	167
2747	148	168
2748	148	168
2749	148	169
2750	148	170
2751	148	170
2752	148	171
2753	147	171
2754	148	172
2755	148	173
2756	148	173
2757	148	174
2758	148	175
2759	148	175
2760	148	176
2761	148	176
2762	148	177
2763	148	178
2764	148	178
2765	148	179
2766	148	179
2767	148	180
2768	148	180
2769	148	181
2770	148	182
2771	148	183
2772	148	183
2773	148	183
2774	148	184
2775	148	185
2776	148	186
2777	148	186
2778	148	187
2779	148	187
2780	148	187
2781	148	188
2782	147	189
2783	147	187
2784	145	187
2785	144	187
2786	144	186
2787	142	185
2788	142	185
2789	140	184
2790	140	183
2791	139	183
2792	138	183
2793	138	182
2794	137	182
2795	137	181
2796	136	181
2797	135	179
2798	134	179
2799	134	179
2800	133	178
2801	133	178
2802	132	177
2803	132	177
2804	132	176
2805	131	175
2806	131	175
2807	130	174
2808	130	173
2809	129	173
2810	129	172
2811	129	171
2812	128	171
2813	129	171
2814	128	170
2815	128	169
2816	127	168
2817	127	169
2818	126	168
2819	127	167
2820	126	166
2821	126	166
2822	126	166
2823	125	164
2824	126	165
2825	125	163
2826	125	163
2827	125	162
2828	125	162
2829	125	161
2830	124	161
2831	124	159
2832	125	160
2833	124	159
2834	124	159
2835	124	158
2836	124	157
2837	124	157
2838	123	156
2839	123	155
2840	123	155
2841	123	154
2842	123	153
2843	124	153
2844	122	152
2845	123	152
2846	123	151
2847	123	150
2848	123	150
2849	123	149
2850	123	149
2851	122	148
2852	122	147
2853	123	147
2854	122	147
2855	122	146
2856	122	145
2857	122	145
2858	123	145
2859	122	143
2860	122	143
2861	122	142
2862	122	142
2863	122	141
2864	121	140
2865	121	140
2866	122	139
2867	122	139
2868	122	138
2869	121	137
2870	121	137
2871	122	136
2872	122	135
2873	122	135
2874	121	135
2875	121	134
2876	122	133
2877	121	132
2878	121	132
2879	122	131
2880	121	131
2881	121	130
2882	121	129
2883	121	129
2884	122	129
2885	121	128
2886	121	127
2887	121	127
2888	121	126
2889	122	126
2890	121	125
2891	121	124
2892	121	123
2893	121	123
2894	121	122
2895	121	123
2896	121	121
2897	121	121
2898	121	120
2899	121	120
2900	121	119
2901	121	118
2902	121	118
2903	121	117
2904	121	116
2905	121	117
2906	121	115
2907	121	114
2908	121	114
2909	121	114
2910	121	113
2911	121	113
2912	121	112
2913	121	111
2914	121	111
2915	121	110
2916	121	109
2917	121	109
2918	121	108
2919	121	107
2920	121	107
2921	121	106
2922	121	106
2923	121	106
2924	121	104
2925	121	104
2926	121	103
2927	121	103
2928	120	101
2929	121	102
2930	121	100
2931	121	100
2932	120	99
2933	121	99
2934	121	98
2935	121	98
2936	121	98
2937	121	97
2938	121	96
2939	121	96
2940	121	95
2941	120	94
2942	121	94
2943	121	93
2944	121	93
2945	121	92
2946	121	91
2947	121	91
2948	120	90
2949	121	90
2950	121	90
2951	121	89
2952	121	88
2953	121	87
2954	120	86
2955	121	87
2956	121	86
2957	121	85
2958	121	85
2959	121	83
2960	120	83
2961	120	82
2962	121	82
2963	121	82
2964	121	81
2965	121	80
2966	121	79
2967	120	79
2968	121	79
2969	120	78
2970	120	77
2971	120	76
2972	120	76
2973	121	75
2974	120	75
2975	121	74
2976	120	74
2977	121	73
2978	120	72
2979	120	71
2980	121	71
2981	121	71
2982	121	70
2983	121	69
2984	121	68
2985	120	68
2986	121	68
2987	120	67
2988	120	66
2989	121	66
2990	121	66
2991	122	67
2992	123	66
2993	124	67
2994	125	68
2995	126	68
2996	127	69
2997	128	70
2998	129	70
2999	129	71
3000	129	71
3001	130	71
3002	132	72
3003	132	73
3004	132	74
3005	133	74
3006	133	74
3007	135	75
3008	134	75
3009	136	76
3010	137	77
3011	136	77
3012	137	78
3013	137	78
3014	137	79
3015	138	80
3016	138	80
3017	139	81
3018	139	81
3019	139	82
3020	140	83
3021	139	83
3022	140	84
3023	141	85
3024	141	85
3025	141	86
3026	141	86
3027	142	87
3028	142	87
3029	142	88
3030	142	89
3031	142	89
3032	143	90
3033	143	91
3034	143	91
3035	143	91
3036	144	93
3037	144	93
3038	144	93
3039	144	94
3040	144	95
3041	145	95
3042	144	95
3043	145	96
3044	145	97
3045	145	97
3046	145	98
3047	145	98
3048	145	99
3049	145	100
3050	145	100
3051	146	101
3052	146	102
3053	145	102
3054	146	103
3055	145	102
3056	146	103
3057	145	104
3058	146	105
3059	146	105
3060	146	106
3061	145	106
3062	147	108
3063	147	107
3064	146	109
3065	147	109
3066	147	110
3067	147	110
3068	146	111
3069	146	111
3070	146	112
3071	147	113
3072	146	113
3073	147	114
3074	147	115
3075	147	115
3076	147	116
3077	147	116
3078	147	117
3079	147	117
3080	147	118
3081	147	118
3082	147	119
3083	147	119
3084	147	121
3085	147	121
3086	147	122
3087	147	123
3088	148	123
3089	147	123
3090	147	124
3091	147	124
3092	147	125
3093	148	126
3094	147	126
3095	147	126
3096	148	127
3097	147	128
3098	148	128
3099	148	129
3100	148	130
3101	147	131
3102	147	131
3103	147	131
3104	147	132
3105	147	133
3106	148	134
3107	147	134
3108	148	135
3109	147	135
3110	147	135
3111	148	137
3112	148	138
3113	148	138
3114	148	139
3115	147	139
3116	147	139
3117	148	140
3118	148	141
3119	148	142
3120	147	142
3121	148	142
3122	147	143
3123	147	144
3124	147	144
3125	148	145
3126	148	145
3127	148	146
3128	148	147
3129	148	147
3130	148	148
3131	148	148
3132	148	150
3133	147	150
3134	147	151
3135	148	151
3136	148	151
3137	148	152
3138	148	153
3139	148	154
3140	148	154
3141	148	155
3142	148	155
3143	148	155
3144	148	156
3145	148	157
3146	148	158
3147	148	158
3148	148	158
3149	148	159
3150	148	160
3151	148	161
3152	148	161
3153	148	162
3154	148	162
3155	148	163
3156	148	163
3157	148	164
3158	148	165
3159	147	165
3160	147	166
3161	148	167
3162	148	167
3163	148	167
3164	148	169
3165	148	169
3166	148	170
3167	148	170
3168	147	170
3169	148	171
3170	148	171
3171	148	173
3172	148	173
3173	147	173
3174	148	175
3175	148	175
3176	148	175
3177	148	176
3178	148	176
3179	148	177
3180	148	178
3181	148	179
3182	148	179
3183	148	179
3184	148	181
3185	147	181
3186	148	181
3187	148	182
3188	148	182
3189	148	183
3190	148	183
3191	148	184
3192	148	185
3193	148	186
3194	148	186
3195	148	187
3196	148	187
3197	148	187
3198	148	187
3199	147	188
3200	145	187
3201	145	187
3202	144	187
3203	143	186
3204	142	185
3205	141	185
3206	140	183
3207	140	183
3208	138	183
3209	138	182
3210	137	182
3211	137	181
3212	137	181
3213	135	180
3214	135	180
3215	134	179
3216	133	178
3217	134	178
3218	133	177
3219	132	176
3220	132	176
3221	131	175
3222	131	175
3223	131	174
3224	130	174
3225	130	173
3226	129	173
3227	129	172
3228	129	171
3229	128	171
3230	129	170
3231	128	170
3232	127	169
3233	127	169
3234	127	169
3235	127	167
3236	127	167
3237	126	166
3238	126	166
3239	126	165
3240	126	164
3241	126	164
3242	125	163
3243	125	162
3244	125	162
3245	124	161
3246	125	162
3247	124	160
3248	124	160
3249	125	159
3250	124	159
3251	124	159
3252	124	158
3253	124	157
3254	123	156
3255	123	155
3256	123	155
3257	124	155
3258	123	154
3259	123	154
3260	123	153
3261	123	153
3262	123	151
3263	123	151
3264	123	151
3265	123	150
3266	123	149
3267	123	149
3268	122	148
3269	122	147
3270	122	147
3271	122	146
3272	122	146
3273	123	145
3274	122	145
3275	123	143
3276	122	143
3277	122	142
3278	122	142
3279	122	141
3280	122	141
3281	122	140
3282	121	139
3283	122	139
3284	121	138
3285	122	138
3286	122	137
3287	121	136
3288	122	136
3289	121	135
3290	122	134
3291	121	134
3292	121	133
3293	121	133
3294	121	132
3295	121	131
3296	121	131
3297	121	130
3298	122	130
3299	121	129
3300	121	128
3301	121	128
3302	121	127
3303	121	127
3304	121	127
3305	121	125
3306	121	125
3307	121	124
3308	121	124
3309	121	123
3310	121	123
3311	121	122
3312	121	121
3313	121	121
3314	121	120
3315	121	119
3316	121	119
3317	121	118
3318	121	118
3319	121	117
3320	121	117
3321	121	116
3322	121	116
3323	121	114
3324	121	115
3325	121	114
3326	121	113
3327	121	113
3328	121	111
3329	121	111
3330	121	111
3331	121	110
3332	121	110
3333	121	110
3334	120	108
3335	121	107
3336	120	107
3337	121	106
3338	121	106
3339	121	105
3340	121	105
3341	120	103
3342	121	104
3343	121	103
3344	121	102
3345	121	102
3346	121	101
3347	120	101
3348	121	101
3349	121	99
3350	121	99
3351	121	98
3352	121	97
3353	121	97
3354	121	97
3355	121	96
3356	121	95
3357	121	95
3358	121	94
3359	120	94
3360	120	93
3361	121	93
3362	120	91
3363	121	91
3364	121	91
3365	121	89
3366	121	90
3367	121	89
3368	121	89
3369	121	88
3370	121	87
3371	120	87
3372	121	86
3373	120	86
3374	121	85
3375	121	85
3376	121	83
3377	121	83
3378	120	83
3379	121	82
3380	121	81
3381	121	81
3382	120	80
3383	121	79
3384	120	78
3385	120	78
3386	120	77
3387	121	78
3388	120	76
3389	121	76
3390	121	75
3391	121	74
3392	121	74
3393	121	73
3394	121	73
3395	121	72
3396	120	71
3397	121	71
3398	121	70
3399	120	70
3400	120	69
3401	121	69
3402	121	68
3403	120	67
3404	121	67
3405	121	66
3406	120	65
3407	121	66
3408	122	66
3409	123	67
3410	124	67
3411	125	68
3412	127	69
3413	127	69
3414	128	70
3415	129	70
3416	129	71
3417	130	71
3418	131	72
3419	132	72
3420	132	73
3421	133	73
3422	133	74
3423	134	75
3424	134	75
3425	135	76
3426	136	77
3427	136	77
3428	137	78
3429	137	79
3430	137	78
3431	138	79
3432	138	80
3433	138	81
3434	139	81
3435	139	82
3436	139	82
3437	140	83
3438	140	83
3439	141	84
3440	141	85
3441	141	85
3442	141	86
3443	141	86
3444	141	87
3445	142	88
3446	142	88
3447	143	89
3448	142	89
3449	143	90
3450	143	91
3451	143	91
3452	144	91
3453	144	93
3454	144	93
3455	144	94
3456	144	94
3457	144	95
3458	145	96
3459	145	95
3460	145	97
3461	145	96
3462	145	97
3463	145	98
3464	145	98
3465	145	99
3466	145	99
3467	145	100
3468	145	101
3469	145	101
3470	145	102
3471	145	103
3472	145	103
3473	146	104
3474	145	104
3475	146	105
3476	147	106
3477	146	106
3478	146	107
3479	147	107
3480	146	108
3481	147	109
3482	146	109
3483	147	110
3484	146	111
3485	147	111
3486	147	112
3487	146	112
3488	146	113
3489	147	114
3490	147	114
3491	147	115
3492	147	115
3493	147	116
3494	147	117
3495	147	117
3496	147	118
3497	147	118
3498	147	119
3499	147	119
3500	147	119
3501	147	121
3502	147	121
3503	147	122
3504	147	123
3505	147	123
3506	147	123
3507	147	125
3508	147	124
3509	147	125
3510	147	126
3511	147	127
3512	147	127
3513	147	128
3514	147	128
3515	148	129
3516	147	130
3517	148	130
3518	148	131
3519	147	131
3520	148	132
3521	148	133
3522	147	133
3523	148	134
3524	148	134
3525	148	135
3526	147	135
3527	147	136
3528	148	137
3529	148	138
3530	147	138
3531	148	139
3532	147	139
3533	148	140
3534	147	141
3535	147	141
3536	148	141
3537	147	142
3538	148	142
3539	147	143
3540	147	144
3541	148	145
3542	147	145
3543	148	146
3544	148	146
3545	147	147
3546	148	147
3547	148	148
3548	147	149
3549	148	149
3550	148	150
3551	148	150
3552	147	151
3553	148	151
3554	148	153
3555	147	153
3556	148	154
3557	148	155
3558	148	155
3559	148	156
3560	148	155
3561	148	157
3562	148	157
3563	148	157
3564	148	158
3565	147	159
3566	148	159
3567	148	160
3568	148	160
3569	148	162
3570	148	162
3571	147	163
3572	148	163
3573	148	163
3574	148	164
3575	147	165
3576	147	165
3577	148	166
3578	148	167
3579	148	167
3580	148	167
3581	148	168
3582	148	169
3583	148	170
3584	148	170
3585	148	171
3586	148	171
3587	148	172
3588	148	173
3589	148	173
3590	148	174
3591	148	175
3592	148	175
3593	148	176
3594	148	176
3595	148	177
3596	148	178
3597	148	178
3598	148	179
3599	148	179
3600	148	179
3601	148	181
3602	148	181
3603	148	182
3604	148	183
3605	148	183
3606	148	183
3607	148	183
3608	148	185
3609	148	185
3610	148	185
3611	148	187
3612	148	187
3613	148	187
3614	148	187
3615	147	188
3616	146	188
3617	145	187
3618	145	187
3619	144	187
3620	142	186
3621	142	185
3622	140	185
3623	140	183
3624	139	183
3625	138	183
3626	137	182
3627	137	181
3628	137	181
3629	136	180
3630	135	180
3631	135	180
3632	134	179
3633	133	178
3634	133	178
3635	132	177
3636	132	177
3637	132	176
3638	131	175
3639	131	175
3640	130	174
3641	129	173
3642	129	173
3643	129	172
3644	129	172
3645	129	171
3646	128	171
3647	128	170
3648	128	169
3649	127	169
3650	127	169
3651	126	167
3652	127	167
3653	127	167
3654	126	166
3655	126	166
3656	125	165
3657	126	165
3658	125	164
3659	125	163
3660	125	162
3661	125	162
3662	124	161
3663	125	161
3664	124	160
3665	124	159
3666	124	159
3667	124	158
3668	124	158
3669	124	157
3670	124	157
3671	124	156
3672	123	155
3673	123	155
3674	123	154
3675	123	153
3676	123	154
3677	123	152
3678	123	152
3679	123	151
3680	122	151
3681	123	151
3682	122	150
3683	123	149
3684	123	149
3685	123	148
3686	122	147
3687	122	147
3688	122	146
3689	123	146
3690	122	145
3691	122	145
3692	122	143
3693	122	143
3694	122	143
3695	122	142
3696	122	141
3697	122	141
3698	122	140
3699	122	139
3700	122	139
3701	121	138
3702	122	138
3703	121	137
3704	122	136
3705	121	136
3706	122	135
3707	122	134
3708	122	134
3709	121	133
3710	121	133
3711	121	132
3712	121	131
3713	121	131
3714	121	130
3715	121	130
3716	121	128
3717	121	129
3718	121	128
3719	121	127
3720	121	127
3721	121	126
3722	121	126
3723	121	125
3724	121	124
3725	121	123
3726	121	123
3727	120	123
3728	121	122
3729	121	121
3730	121	121
3731	121	120
3732	121	119
3733	121	119
3734	121	119
3735	121	118
3736	121	117
3737	121	117
3738	121	116
3739	121	115
3740	121	114
3741	121	114
3742	121	113
3743	121	113
3744	121	112
3745	121	112
3746	121	111
3747	121	111
3748	121	111
3749	121	110
3750	121	109
3751	121	109
3752	121	107
3753	121	107
3754	121	107
3755	121	106
3756	120	105
3757	121	105
3758	121	104
3759	121	103
3760	121	103
3761	120	102
3762	121	102
3763	121	101
3764	120	100
3765	121	100
3766	121	99
3767	121	99
3768	121	98
3769	121	97
3770	120	97
3771	121	97
3772	121	97
3773	121	95
3774	120	95
3775	121	94
3776	121	93
3777	121	93
3778	121	92
3779	120	91
3780	121	91
3781	121	91
3782	121	90
3783	120	90
3784	120	89
3785	121	89
3786	121	88
3787	121	87
3788	121	86
3789	121	86
3790	121	85
3791	120	85
3792	120	84
3793	121	84
3794	120	83
3795	121	82
3796	121	82
3797	121	81
3798	121	81
3799	120	80
3800	120	79
3801	121	79
3802	121	78
3803	121	77
3804	121	77
3805	120	76
3806	121	76
3807	121	75
3808	121	74
3809	121	74
3810	121	73
3811	121	73
3812	121	72
3813	120	71
3814	120	71
3815	120	70
3816	121	69
3817	121	69
3818	120	68
3819	121	68
3820	120	68
3821	121	66
3822	120	66
3823	121	65
3824	121	66
3825	123	67
3826	123	67
3827	125	67
3828	125	67
3829	127	68
3830	128	69
3831	128	70
3832	129	71
3833	130	71
3834	130	72
3835	131	73
3836	132	72
3837	132	73
3838	133	74
3839	133	75
3840	134	75
3841	134	75
3842	135	76
3843	136	77
3844	136	77
3845	137	78
3846	137	79
3847	137	79
3848	138	80
3849	138	80
3850	138	81
3851	139	82
3852	139	82
3853	140	82
3854	139	83
3855	140	83
3856	141	84
3857	141	85
3858	141	85
3859	142	86
3860	142	87
3861	142	87
3862	142	88
3863	142	88
3864	143	89
3865	143	89
3866	143	90
3867	144	91
3868	143	91
3869	144	93
3870	144	93
3871	144	93
3872	144	94
3873	144	94
3874	145	95
3875	144	95
3876	145	96
3877	145	96
3878	145	97
3879	145	98
3880	145	98
3881	145	99
3882	145	99
3883	145	99
3884	145	101
3885	145	101
3886	145	102
3887	146	102
3888	145	103
3889	145	103
3890	146	104
3891	145	105
3892	146	105
3893	147	107
3894	146	106
3895	147	108
3896	147	108
3897	146	109
3898	147	109
3899	146	109
3900	147	111
3901	147	110
3902	147	111
3903	147	112
3904	147	112
3905	147	113
3906	147	114
3907	147	114
3908	147	115
3909	147	115
3910	147	116
3911	147	117
3912	147	117
3913	147	118
3914	147	118
3915	147	119
3916	147	120
3917	147	120
3918	147	122
3919	147	122
3920	147	122
3921	147	123
3922	147	123
3923	147	124
3924	147	125
3925	147	124
3926	147	126
3927	147	127
3928	147	127
3929	147	127
3930	147	127
3931	148	129
3932	148	129
3933	147	129
3934	148	131
3935	147	131
3936	147	131
3937	148	133
3938	147	132
3939	148	134
3940	147	134
3941	147	135
3942	147	135
3943	147	136
3944	148	136
3945	148	137
3946	147	138
3947	147	138
3948	147	139
3949	147	139
3950	148	140
3951	147	140
3952	148	141
3953	147	142
3954	148	142
3955	148	143
3956	147	143
3957	148	144
3958	148	145
3959	148	145
3960	148	146
3961	148	147
3962	147	147
3963	148	148
3964	147	148
3965	148	149
3966	148	150
3967	148	150
3968	148	151
3969	147	151
3970	148	153
3971	148	153
3972	148	153
3973	148	154
3974	148	155
3975	148	154
3976	148	155
3977	147	156
3978	148	156
3979	148	157
3980	148	158
3981	148	159
3982	148	159
3983	148	160
3984	148	161
3985	148	161
3986	148	161
3987	148	162
3988	148	163
3989	148	163
3990	147	163
3991	148	164
3992	148	165
3993	148	166
3994	148	166
3995	148	167
3996	148	168
3997	148	169
3998	148	169
3999	148	169
4000	148	170
4001	148	170
4002	148	171
4003	148	171
4004	148	171
4005	147	173
4006	148	173
4007	148	174
4008	148	175
4009	148	175
4010	148	176
4011	148	176
4012	148	177
4013	148	178
4014	148	178
4015	148	179
4016	147	179
4017	148	180
4018	148	180
4019	148	182
4020	148	181
4021	148	183
4022	148	183
4023	148	183
4024	148	184
4025	148	185
4026	148	185
4027	148	186
4028	148	187
4029	148	187
4030	148	187
4031	148	188
4032	147	188
4033	147	187
4034	145	187
4035	145	187
4036	144	186
4037	143	185
4038	142	185
4039	140	184
4040	140	184
4041	139	183
4042	138	183
4043	138	183
4044	137	181
4045	136	181
4046	136	180
4047	135	180
4048	135	179
4049	134	178
4050	133	178
4051	133	177
4052	132	177
4053	132	176
4054	131	176
4055	131	175
4056	131	175
4057	130	174
4058	129	173
4059	129	173
4060	129	172
4061	129	171
4062	128	170
4063	129	171
4064	128	170
4065	127	169
4066	127	169
4067	127	168
4068	126	167
4069	127	167
4070	127	166
4071	126	166
4072	126	166
4073	125	164
4074	126	165
4075	125	163
4076	125	163
4077	125	163
4078	125	162
4079	124	161
4080	124	160
4081	124	160
4082	124	160
4083	124	159
4084	124	158
4085	124	158
4086	124	157
4087	124	157
4088	124	156
4089	123	155
4090	124	155
4091	123	154
4092	123	154
4093	123	153
4094	123	152
4095	123	152
