
TIME STEP:
125 = 0.2ms

VOLTAGE STEP:
CH1:  32 = 1V
CH2:  32 = 1V
GND	138	132
N	CH1	CH2

0	92	68
1	94	68
2	95	68
3	97	68
4	99	67
5	100	68
6	101	67
7	103	67
8	105	67
9	105	67
10	106	67
11	108	67
12	109	67
13	110	67
14	110	67
15	111	67
16	112	67
17	113	67
18	114	67
19	115	67
20	116	67
21	116	67
22	117	67
23	118	67
24	118	67
25	119	66
26	120	67
27	120	67
28	121	66
29	121	66
30	122	66
31	122	67
32	123	66
33	123	66
34	123	66
35	124	66
36	124	67
37	125	66
38	125	67
39	126	66
40	126	66
41	126	66
42	126	66
43	126	66
44	127	67
45	127	66
46	127	67
47	128	66
48	128	66
49	129	66
50	129	66
51	129	66
52	129	66
53	129	66
54	129	66
55	129	66
56	129	66
57	130	66
58	130	66
59	130	66
60	130	66
61	130	66
62	131	66
63	131	66
64	130	66
65	131	66
66	131	66
67	131	66
68	131	66
69	131	66
70	131	66
71	131	66
72	132	67
73	132	66
74	132	66
75	131	66
76	132	66
77	131	66
78	131	65
79	132	66
80	132	66
81	132	66
82	132	66
83	132	66
84	132	66
85	132	67
86	132	66
87	132	66
88	132	66
89	133	66
90	132	66
91	132	66
92	132	66
93	133	66
94	132	66
95	133	66
96	132	66
97	133	66
98	133	66
99	133	66
100	133	66
101	133	66
102	133	66
103	133	66
104	133	66
105	133	66
106	133	66
107	133	66
108	133	66
109	133	66
110	133	66
111	133	67
112	133	66
113	133	66
114	133	66
115	133	66
116	133	66
117	133	66
118	133	66
119	133	66
120	133	66
121	133	66
122	134	66
123	133	66
124	133	66
125	133	66
126	133	66
127	133	66
128	133	66
129	133	66
130	134	66
131	133	66
132	134	66
133	134	67
134	133	66
135	134	66
136	133	66
137	133	66
138	133	66
139	133	66
140	134	66
141	133	66
142	134	66
143	133	66
144	133	66
145	134	66
146	134	66
147	133	66
148	133	66
149	133	66
150	133	66
151	133	66
152	134	66
153	133	66
154	134	66
155	133	66
156	134	65
157	134	66
158	133	66
159	134	66
160	134	66
161	134	66
162	134	66
163	134	66
164	134	66
165	134	66
166	134	66
167	134	66
168	134	66
169	134	66
170	134	66
171	134	66
172	134	66
173	134	66
174	134	67
175	134	66
176	134	66
177	134	66
178	134	66
179	134	66
180	134	66
181	133	66
182	134	66
183	134	66
184	134	67
185	250	186
186	244	185
187	239	185
188	235	185
189	231	185
190	226	186
191	222	186
192	219	186
193	215	186
194	212	187
195	208	186
196	205	186
197	202	187
198	199	187
199	196	187
200	194	187
201	192	187
202	189	187
203	187	187
204	185	187
205	182	187
206	180	187
207	179	187
208	177	187
209	175	188
210	173	188
211	171	188
212	170	188
213	169	188
214	167	188
215	166	188
216	165	188
217	163	188
218	162	189
219	161	189
220	160	189
221	159	189
222	158	189
223	157	189
224	156	189
225	155	189
226	154	189
227	153	188
228	153	189
229	153	189
230	151	189
231	151	189
232	150	189
233	149	189
234	149	189
235	148	190
236	148	189
237	148	189
238	147	190
239	146	189
240	146	190
241	145	189
242	145	190
243	145	189
244	145	189
245	144	190
246	143	190
247	143	189
248	143	190
249	142	190
250	142	189
251	142	189
252	142	190
253	141	190
254	141	190
255	141	189
256	140	190
257	140	189
258	140	189
259	139	190
260	140	190
261	139	190
262	139	190
263	139	189
264	139	189
265	139	189
266	139	190
267	139	190
268	138	190
269	138	190
270	137	190
271	137	190
272	137	189
273	137	189
274	137	190
275	137	189
276	137	190
277	137	190
278	137	190
279	137	190
280	137	190
281	137	189
282	137	190
283	137	190
284	136	190
285	137	190
286	137	189
287	136	190
288	136	189
289	136	190
290	136	190
291	136	190
292	136	190
293	136	190
294	136	190
295	136	190
296	135	190
297	136	190
298	136	190
299	135	189
300	136	190
301	135	190
302	136	190
303	136	190
304	135	190
305	136	190
306	135	190
307	135	189
308	136	190
309	135	190
310	135	190
311	136	190
312	135	190
313	135	190
314	135	190
315	135	190
316	135	190
317	135	190
318	135	190
319	135	190
320	135	190
321	135	190
322	135	190
323	135	190
324	135	190
325	135	190
326	135	190
327	135	190
328	135	190
329	135	190
330	135	190
331	135	190
332	135	190
333	135	190
334	134	190
335	135	189
336	135	190
337	134	190
338	135	190
339	135	190
340	135	190
341	135	190
342	135	190
343	134	190
344	135	190
345	135	190
346	135	190
347	135	190
348	135	190
349	135	190
350	134	190
351	135	190
352	134	189
353	135	190
354	135	190
355	135	190
356	135	190
357	135	190
358	135	190
359	135	190
360	135	190
361	135	190
362	135	190
363	135	190
364	135	189
365	135	190
366	134	190
367	134	190
368	134	190
369	135	190
370	135	190
371	135	190
372	135	190
373	134	190
374	135	190
375	134	190
376	134	190
377	134	190
378	135	190
379	134	190
380	135	190
381	134	190
382	135	190
383	135	190
384	134	190
385	135	190
386	135	190
387	135	190
388	134	189
389	135	190
390	135	190
391	135	190
392	135	190
393	17	70
394	22	70
395	28	71
396	32	71
397	36	70
398	41	70
399	44	70
400	49	70
401	52	70
402	56	70
403	60	69
404	62	70
405	65	69
406	68	70
407	71	69
408	73	69
409	76	69
410	79	69
411	81	69
412	83	68
413	85	69
414	87	68
415	89	69
416	91	69
417	93	68
418	95	68
419	97	68
420	98	67
421	100	67
422	100	67
423	102	67
424	103	67
425	105	67
426	105	67
427	107	67
428	107	68
429	109	67
430	110	67
431	111	67
432	112	67
433	113	67
434	113	67
435	114	67
436	115	67
437	116	66
438	116	67
439	117	67
440	118	67
441	118	67
442	119	67
443	120	66
444	121	67
445	121	67
446	122	67
447	122	66
448	123	67
449	123	66
450	124	66
451	124	66
452	124	67
453	124	67
454	125	67
455	126	66
456	125	66
457	126	66
458	126	66
459	127	66
460	127	66
461	127	66
462	127	67
463	128	66
464	128	66
465	128	66
466	129	66
467	129	66
468	129	66
469	129	66
470	129	66
471	129	66
472	130	66
473	129	66
474	130	66
475	130	66
476	130	66
477	130	66
478	130	66
479	131	66
480	131	66
481	130	66
482	130	66
483	131	66
484	131	66
485	131	67
486	131	66
487	131	66
488	132	66
489	131	65
490	132	66
491	131	66
492	132	66
493	131	66
494	132	66
495	132	66
496	132	66
497	132	66
498	132	66
499	132	66
500	132	66
501	132	65
502	132	66
503	132	66
504	132	66
505	133	66
506	132	66
507	133	66
508	132	66
509	132	66
510	133	66
511	133	66
512	133	66
513	133	66
514	133	66
515	133	66
516	133	66
517	133	66
518	133	66
519	133	66
520	133	66
521	133	66
522	133	66
523	133	66
524	133	66
525	133	65
526	133	66
527	133	66
528	133	66
529	133	66
530	133	66
531	133	65
532	134	66
533	133	66
534	133	66
535	133	66
536	134	66
537	133	66
538	133	66
539	133	66
540	134	66
541	134	66
542	133	66
543	134	66
544	133	66
545	133	66
546	133	66
547	133	66
548	133	66
549	133	66
550	133	66
551	133	66
552	134	66
553	134	66
554	134	66
555	133	66
556	134	66
557	134	66
558	133	66
559	134	66
560	133	66
561	133	66
562	134	66
563	133	66
564	134	66
565	134	66
566	134	66
567	133	66
568	133	66
569	133	66
570	134	66
571	134	66
572	134	66
573	134	66
574	133	66
575	134	66
576	133	66
577	133	66
578	134	66
579	134	66
580	133	66
581	134	66
582	134	66
583	134	66
584	134	66
585	134	66
586	133	66
587	134	66
588	134	66
589	133	66
590	133	66
591	134	66
592	133	66
593	134	66
594	134	66
595	134	66
596	134	66
597	134	66
598	133	66
599	133	66
600	134	66
601	149	82
602	247	185
603	243	185
604	238	185
605	233	185
606	229	186
607	225	185
608	221	186
609	217	186
610	213	186
611	211	186
612	207	186
613	204	187
614	201	187
615	198	187
616	195	187
617	193	187
618	191	187
619	188	187
620	186	187
621	183	188
622	182	187
623	180	187
624	178	188
625	176	187
626	175	187
627	172	188
628	171	188
629	169	188
630	169	188
631	167	188
632	165	189
633	164	188
634	163	188
635	162	188
636	161	189
637	159	189
638	159	188
639	158	189
640	156	189
641	156	189
642	155	189
643	154	189
644	153	189
645	153	189
646	152	189
647	151	189
648	150	189
649	150	189
650	149	189
651	148	189
652	148	189
653	148	189
654	147	189
655	147	189
656	146	189
657	146	189
658	145	190
659	145	189
660	145	189
661	144	189
662	144	189
663	143	189
664	143	189
665	143	189
666	142	190
667	142	190
668	141	189
669	142	190
670	141	190
671	141	190
672	141	190
673	141	190
674	141	189
675	140	190
676	140	190
677	139	190
678	139	189
679	139	190
680	139	190
681	139	190
682	138	189
683	138	190
684	138	190
685	138	190
686	138	189
687	138	190
688	137	190
689	138	189
690	137	190
691	137	190
692	137	190
693	137	190
694	137	189
695	137	190
696	137	190
697	137	190
698	136	189
699	137	190
700	137	190
701	137	190
702	137	190
703	137	190
704	137	190
705	136	190
706	136	190
707	136	190
708	135	189
709	136	190
710	136	189
711	136	189
712	137	190
713	136	190
714	135	190
715	136	190
716	136	190
717	135	190
718	135	190
719	135	190
720	135	190
721	136	190
722	135	189
723	135	190
724	135	190
725	135	190
726	135	189
727	135	190
728	135	190
729	135	190
730	135	190
731	135	190
732	135	190
733	135	190
734	135	190
735	135	190
736	135	190
737	135	190
738	135	190
739	135	190
740	134	190
741	135	190
742	135	190
743	135	190
744	135	190
745	135	190
746	135	190
747	135	190
748	135	190
749	134	190
750	135	190
751	135	189
752	135	190
753	135	190
754	135	190
755	135	190
756	135	190
757	135	190
758	135	190
759	135	190
760	135	190
761	135	190
762	135	190
763	134	189
764	134	190
765	135	190
766	135	190
767	135	190
768	135	189
769	135	190
770	135	190
771	134	190
772	135	190
773	135	190
774	135	190
775	134	189
776	135	190
777	134	190
778	135	190
779	135	190
780	135	190
781	135	189
782	135	190
783	135	190
784	135	190
785	134	190
786	135	190
787	134	189
788	135	190
789	135	190
790	134	190
791	134	190
792	135	190
793	134	190
794	134	190
795	135	190
796	135	190
797	134	190
798	134	190
799	135	190
800	135	190
801	135	190
802	135	190
803	134	190
804	134	190
805	135	189
806	134	190
807	134	189
808	135	190
809	134	190
810	18	70
811	23	70
812	29	71
813	33	70
814	38	70
815	42	70
816	46	70
817	49	70
818	54	70
819	57	69
820	60	70
821	64	70
822	66	69
823	69	69
824	71	69
825	75	69
826	77	69
827	79	69
828	82	68
829	84	69
830	86	69
831	88	69
832	90	68
833	92	68
834	94	68
835	95	67
836	97	68
837	98	67
838	100	67
839	101	67
840	102	67
841	104	68
842	105	67
843	106	67
844	107	67
845	108	67
846	109	67
847	110	67
848	111	67
849	112	67
850	113	67
851	113	67
852	114	67
853	116	67
854	116	67
855	117	67
856	118	67
857	118	67
858	119	67
859	120	66
860	120	67
861	121	67
862	121	67
863	122	67
864	122	67
865	122	66
866	123	67
867	124	67
868	124	66
869	124	66
870	124	66
871	125	67
872	126	66
873	125	66
874	126	66
875	126	66
876	127	67
877	127	66
878	127	66
879	128	66
880	128	66
881	128	66
882	128	66
883	129	66
884	129	66
885	129	66
886	129	66
887	129	66
888	129	66
889	129	66
890	129	66
891	130	66
892	130	66
893	130	66
894	130	66
895	130	66
896	130	66
897	131	66
898	131	66
899	131	66
900	131	65
901	131	66
902	131	66
903	132	66
904	131	66
905	131	66
906	132	67
907	132	66
908	132	66
909	132	66
910	132	66
911	132	66
912	132	66
913	132	66
914	132	66
915	132	66
916	132	66
917	132	66
918	132	66
919	132	66
920	132	66
921	132	66
922	132	66
923	132	66
924	132	65
925	132	66
926	133	65
927	133	66
928	132	67
929	133	66
930	133	66
931	133	66
932	133	66
933	133	66
934	133	66
935	133	66
936	133	66
937	133	66
938	133	66
939	133	66
940	133	66
941	133	66
942	133	66
943	133	66
944	133	66
945	133	66
946	133	66
947	133	66
948	132	66
949	134	66
950	133	66
951	133	66
952	133	66
953	133	66
954	133	67
955	133	66
956	134	66
957	133	66
958	133	66
959	133	66
960	134	66
961	134	66
962	133	66
963	133	66
964	134	66
965	134	66
966	133	66
967	134	66
968	133	66
969	133	66
970	133	66
971	133	66
972	134	65
973	134	66
974	133	66
975	133	66
976	134	66
977	133	66
978	134	66
979	133	66
980	133	66
981	134	66
982	134	66
983	133	66
984	133	65
985	134	66
986	134	66
987	133	66
988	134	66
989	134	67
990	133	66
991	134	66
992	134	66
993	134	65
994	134	66
995	133	66
996	134	66
997	134	66
998	134	66
999	133	66
1000	134	66
1001	134	66
1002	134	65
1003	133	66
1004	134	66
1005	133	66
1006	134	66
1007	134	66
1008	134	66
1009	134	66
1010	133	66
1011	134	67
1012	134	66
1013	134	66
1014	134	66
1015	134	66
1016	134	66
1017	134	66
1018	251	185
1019	246	185
1020	241	185
1021	236	186
1022	232	185
1023	228	185
1024	223	186
1025	220	186
1026	216	186
1027	212	186
1028	209	186
1029	206	186
1030	203	187
1031	200	186
1032	197	187
1033	195	187
1034	192	187
1035	189	187
1036	187	187
1037	185	186
1038	183	187
1039	181	187
1040	179	187
1041	177	188
1042	176	187
1043	174	188
1044	172	188
1045	171	188
1046	169	188
1047	168	188
1048	166	188
1049	165	187
1050	164	189
1051	163	188
1052	161	189
1053	160	189
1054	159	189
1055	158	189
1056	157	189
1057	156	189
1058	156	189
1059	155	189
1060	154	189
1061	153	188
1062	153	189
1063	152	189
1064	151	189
1065	151	189
1066	149	189
1067	149	189
1068	148	189
1069	148	189
1070	148	189
1071	147	189
1072	146	189
1073	146	189
1074	146	189
1075	145	190
1076	145	189
1077	145	189
1078	144	189
1079	143	189
1080	143	189
1081	143	189
1082	142	189
1083	142	190
1084	142	190
1085	141	189
1086	141	190
1087	141	190
1088	140	190
1089	141	189
1090	140	190
1091	140	190
1092	140	190
1093	139	190
1094	140	189
1095	139	190
1096	140	190
1097	139	189
1098	139	189
1099	139	190
1100	139	190
1101	138	190
1102	137	190
1103	138	190
1104	138	190
1105	138	190
1106	137	190
1107	137	190
1108	137	190
1109	137	189
1110	137	190
1111	137	189
1112	137	190
1113	137	190
1114	137	190
1115	137	190
1116	137	190
1117	137	190
1118	137	190
1119	136	190
1120	137	190
1121	136	189
1122	137	190
1123	136	190
1124	136	190
1125	137	190
1126	136	190
1127	136	190
1128	136	190
1129	136	190
1130	136	190
1131	136	190
1132	136	190
1133	136	190
1134	136	190
1135	136	190
1136	135	190
1137	136	190
1138	135	190
1139	135	190
1140	135	190
1141	135	190
1142	135	190
1143	135	190
1144	135	190
1145	135	190
1146	135	190
1147	135	190
1148	135	190
1149	135	190
1150	135	190
1151	135	190
1152	135	190
1153	135	190
1154	135	190
1155	135	190
1156	135	190
1157	135	190
1158	135	190
1159	135	190
1160	135	190
1161	135	190
1162	135	190
1163	135	190
1164	135	190
1165	135	190
1166	135	190
1167	135	190
1168	135	190
1169	135	190
1170	135	190
1171	135	190
1172	135	190
1173	135	190
1174	135	189
1175	135	190
1176	135	190
1177	135	190
1178	135	190
1179	135	190
1180	135	190
1181	135	190
1182	135	190
1183	135	190
1184	135	190
1185	135	189
1186	134	190
1187	135	189
1188	135	190
1189	135	190
1190	135	190
1191	135	190
1192	135	189
1193	135	190
1194	135	190
1195	135	190
1196	134	190
1197	135	190
1198	134	189
1199	135	190
1200	134	190
1201	134	190
1202	135	190
1203	134	190
1204	135	190
1205	135	190
1206	135	190
1207	134	190
1208	135	190
1209	135	190
1210	134	189
1211	135	190
1212	134	190
1213	135	190
1214	134	190
1215	135	190
1216	134	189
1217	135	190
1218	135	190
1219	135	190
1220	134	190
1221	135	190
1222	135	189
1223	134	190
1224	135	189
1225	134	190
1226	117	172
1227	20	70
1228	26	71
1229	30	70
1230	35	71
1231	40	70
1232	43	70
1233	47	70
1234	51	70
1235	55	70
1236	58	69
1237	61	70
1238	65	70
1239	67	69
1240	70	69
1241	73	69
1242	75	69
1243	78	69
1244	80	69
1245	82	69
1246	84	67
1247	87	68
1248	89	68
1249	91	68
1250	92	68
1251	94	68
1252	96	68
1253	97	68
1254	98	68
1255	100	67
1256	101	67
1257	103	67
1258	104	67
1259	105	67
1260	106	67
1261	108	67
1262	108	67
1263	109	67
1264	111	67
1265	112	67
1266	113	67
1267	113	67
1268	114	67
1269	115	67
1270	116	67
1271	116	67
1272	117	67
1273	117	67
1274	118	67
1275	119	67
1276	120	67
1277	121	67
1278	121	67
1279	121	66
1280	121	66
1281	122	66
1282	123	66
1283	123	66
1284	123	66
1285	124	67
1286	124	66
1287	125	66
1288	125	66
1289	126	66
1290	126	66
1291	126	66
1292	126	66
1293	126	66
1294	127	66
1295	127	66
1296	128	66
1297	128	66
1298	129	66
1299	128	67
1300	129	66
1301	129	66
1302	129	66
1303	129	66
1304	129	66
1305	129	66
1306	129	66
1307	129	66
1308	130	66
1309	130	66
1310	131	66
1311	130	65
1312	131	66
1313	131	66
1314	131	66
1315	131	66
1316	131	66
1317	131	66
1318	131	66
1319	131	66
1320	131	66
1321	131	66
1322	132	66
1323	131	66
1324	132	66
1325	132	66
1326	132	66
1327	132	66
1328	132	66
1329	132	66
1330	132	66
1331	132	66
1332	132	66
1333	132	66
1334	132	66
1335	132	66
1336	133	66
1337	132	66
1338	133	66
1339	132	66
1340	132	66
1341	132	66
1342	133	66
1343	132	66
1344	132	66
1345	133	66
1346	133	66
1347	133	66
1348	133	66
1349	133	66
1350	133	66
1351	133	66
1352	133	66
1353	133	65
1354	133	66
1355	133	66
1356	133	66
1357	133	66
1358	133	66
1359	133	66
1360	133	66
1361	133	66
1362	134	66
1363	133	66
1364	133	66
1365	133	67
1366	133	66
1367	133	66
1368	133	66
1369	133	66
1370	133	66
1371	133	66
1372	133	66
1373	133	66
1374	133	66
1375	133	66
1376	133	66
1377	133	66
1378	133	66
1379	134	66
1380	133	66
1381	133	66
1382	134	66
1383	134	65
1384	134	66
1385	133	66
1386	133	66
1387	134	66
1388	133	66
1389	134	66
1390	133	66
1391	134	66
1392	134	66
1393	134	66
1394	134	66
1395	133	66
1396	134	66
1397	134	66
1398	133	66
1399	133	66
1400	134	66
1401	134	66
1402	134	66
1403	134	66
1404	133	66
1405	134	66
1406	133	66
1407	133	66
1408	134	66
1409	133	66
1410	134	66
1411	133	66
1412	133	66
1413	133	66
1414	134	66
1415	134	66
1416	134	66
1417	133	66
1418	134	66
1419	134	66
1420	134	66
1421	134	66
1422	134	66
1423	134	66
1424	134	67
1425	133	66
1426	134	66
1427	134	66
1428	134	66
1429	134	66
1430	134	66
1431	134	66
1432	134	67
1433	134	66
1434	134	66
1435	250	186
1436	244	185
1437	239	185
1438	235	185
1439	231	186
1440	226	186
1441	222	186
1442	218	186
1443	215	186
1444	212	186
1445	209	187
1446	205	186
1447	202	187
1448	199	186
1449	196	187
1450	194	187
1451	191	187
1452	189	187
1453	187	187
1454	185	187
1455	182	187
1456	180	187
1457	178	187
1458	177	187
1459	175	187
1460	173	187
1461	172	188
1462	170	188
1463	169	188
1464	167	188
1465	165	188
1466	164	188
1467	163	188
1468	162	188
1469	161	188
1470	160	189
1471	159	189
1472	158	188
1473	157	189
1474	156	188
1475	156	189
1476	155	189
1477	153	189
1478	153	189
1479	152	189
1480	152	189
1481	151	189
1482	150	189
1483	149	189
1484	149	189
1485	148	189
1486	148	189
1487	147	189
1488	147	189
1489	146	189
1490	146	189
1491	145	189
1492	145	189
1493	145	190
1494	144	189
1495	144	190
1496	144	189
1497	143	189
1498	143	190
1499	143	189
1500	142	190
1501	142	190
1502	142	189
1503	141	190
1504	141	190
1505	140	189
1506	140	190
1507	140	190
1508	140	189
1509	140	190
1510	140	189
1511	139	190
1512	139	190
1513	139	190
1514	139	190
1515	139	190
1516	138	190
1517	138	190
1518	137	189
1519	138	190
1520	138	189
1521	138	190
1522	137	190
1523	137	189
1524	137	190
1525	137	190
1526	137	190
1527	137	189
1528	137	190
1529	137	190
1530	137	190
1531	137	190
1532	137	189
1533	137	190
1534	136	190
1535	136	190
1536	136	190
1537	137	190
1538	137	190
1539	136	189
1540	136	190
1541	136	190
1542	136	190
1543	136	190
1544	136	190
1545	136	190
1546	136	190
1547	135	190
1548	136	190
1549	136	189
1550	136	190
1551	135	190
1552	135	190
1553	135	190
1554	136	190
1555	135	190
1556	136	190
1557	135	190
1558	135	190
1559	135	190
1560	136	190
1561	135	190
1562	135	190
1563	135	190
1564	135	190
1565	135	190
1566	135	190
1567	135	190
1568	135	190
1569	135	190
1570	135	190
1571	135	190
1572	135	189
1573	135	190
1574	135	190
1575	135	190
1576	135	190
1577	135	190
1578	135	190
1579	135	190
1580	135	190
1581	135	190
1582	135	190
1583	135	190
1584	135	190
1585	134	189
1586	135	190
1587	134	190
1588	135	190
1589	135	190
1590	135	190
1591	135	190
1592	134	190
1593	135	190
1594	135	190
1595	135	189
1596	134	190
1597	135	189
1598	135	190
1599	135	189
1600	135	190
1601	135	190
1602	135	190
1603	135	190
1604	135	190
1605	135	190
1606	135	190
1607	135	190
1608	135	190
1609	135	189
1610	135	190
1611	135	190
1612	135	190
1613	135	190
1614	135	190
1615	134	190
1616	134	190
1617	135	190
1618	135	190
1619	134	190
1620	134	190
1621	135	190
1622	135	189
1623	134	190
1624	135	190
1625	135	190
1626	135	190
1627	135	189
1628	134	190
1629	135	190
1630	135	190
1631	135	190
1632	135	189
1633	134	189
1634	135	190
1635	134	189
1636	134	190
1637	134	190
1638	134	189
1639	135	190
1640	134	189
1641	135	190
1642	134	190
1643	17	71
1644	22	71
1645	28	70
1646	32	70
1647	36	71
1648	41	70
1649	44	70
1650	49	70
1651	52	70
1652	55	69
1653	59	70
1654	62	69
1655	65	69
1656	68	69
1657	71	69
1658	73	69
1659	76	69
1660	79	69
1661	81	69
1662	83	68
1663	85	69
1664	87	68
1665	89	68
1666	91	68
1667	92	68
1668	95	68
1669	96	67
1670	97	68
1671	99	67
1672	100	68
1673	102	68
1674	103	67
1675	104	67
1676	105	67
1677	107	67
1678	108	67
1679	109	67
1680	110	67
1681	111	67
1682	112	67
1683	113	67
1684	113	67
1685	114	67
1686	115	67
1687	116	67
1688	116	67
1689	117	67
1690	118	67
1691	119	67
1692	119	67
1693	120	67
1694	121	66
1695	121	66
1696	121	67
1697	122	67
1698	122	67
1699	123	66
1700	123	66
1701	124	67
1702	124	66
1703	125	66
1704	125	66
1705	125	66
1706	125	66
1707	126	66
1708	126	66
1709	127	66
1710	126	66
1711	127	66
1712	127	66
1713	128	66
1714	128	66
1715	128	66
1716	129	66
1717	129	66
1718	129	66
1719	129	66
1720	129	66
1721	129	66
1722	129	65
1723	129	66
1724	130	66
1725	130	66
1726	130	66
1727	130	66
1728	130	66
1729	130	66
1730	131	66
1731	130	66
1732	131	66
1733	131	66
1734	131	65
1735	131	66
1736	131	66
1737	131	66
1738	132	66
1739	131	66
1740	131	66
1741	132	66
1742	132	66
1743	132	66
1744	132	66
1745	132	66
1746	132	66
1747	132	66
1748	132	66
1749	132	66
1750	132	66
1751	132	66
1752	132	66
1753	132	66
1754	132	66
1755	133	66
1756	133	66
1757	133	66
1758	132	65
1759	133	66
1760	133	66
1761	132	66
1762	132	66
1763	133	66
1764	132	65
1765	133	66
1766	133	66
1767	133	66
1768	133	66
1769	133	66
1770	133	65
1771	133	66
1772	133	66
1773	133	66
1774	133	66
1775	133	66
1776	133	66
1777	133	66
1778	134	66
1779	133	66
1780	133	66
1781	133	66
1782	133	66
1783	133	66
1784	133	66
1785	133	66
1786	133	66
1787	133	66
1788	134	66
1789	134	66
1790	133	66
1791	134	66
1792	134	66
1793	133	66
1794	133	65
1795	134	66
1796	133	66
1797	133	66
1798	133	66
1799	134	66
1800	134	66
1801	133	66
1802	134	66
1803	133	66
1804	133	66
1805	134	66
1806	134	65
1807	134	66
1808	133	66
1809	134	65
1810	133	66
1811	133	66
1812	133	66
1813	134	66
1814	133	66
1815	133	66
1816	134	66
1817	134	66
1818	134	66
1819	133	66
1820	133	66
1821	133	66
1822	133	66
1823	134	66
1824	133	66
1825	134	66
1826	134	66
1827	134	66
1828	133	66
1829	134	67
1830	134	66
1831	134	66
1832	134	66
1833	134	66
1834	133	66
1835	134	66
1836	134	66
1837	134	66
1838	134	66
1839	133	66
1840	134	66
1841	134	66
1842	134	66
1843	134	66
1844	134	66
1845	134	66
1846	134	66
1847	134	66
1848	133	66
1849	133	66
1850	133	66
1851	150	82
1852	248	185
1853	242	185
1854	238	185
1855	234	185
1856	229	185
1857	225	185
1858	221	186
1859	217	185
1860	214	186
1861	211	186
1862	207	186
1863	204	186
1864	201	187
1865	198	187
1866	195	187
1867	193	187
1868	191	187
1869	188	187
1870	186	187
1871	184	187
1872	181	187
1873	180	187
1874	177	188
1875	176	187
1876	174	187
1877	173	188
1878	171	188
1879	169	188
1880	168	188
1881	167	188
1882	165	188
1883	164	188
1884	163	188
1885	162	188
1886	161	188
1887	160	189
1888	158	189
1889	157	189
1890	156	189
1891	156	189
1892	155	189
1893	154	189
1894	153	189
1895	153	189
1896	152	189
1897	151	189
1898	150	189
1899	150	189
1900	149	189
1901	148	188
1902	148	189
1903	147	189
1904	147	189
1905	147	190
1906	147	190
1907	146	189
1908	145	189
1909	145	189
1910	145	190
1911	145	189
1912	144	189
1913	144	190
1914	143	190
1915	142	189
1916	142	190
1917	142	189
1918	142	190
1919	141	190
1920	141	190
1921	141	190
1922	141	189
1923	140	190
1924	140	190
1925	140	190
1926	140	190
1927	139	189
1928	139	190
1929	140	190
1930	139	190
1931	139	190
1932	138	190
1933	139	189
1934	138	190
1935	139	190
1936	138	190
1937	138	190
1938	138	190
1939	137	190
1940	137	190
1941	137	190
1942	137	190
1943	137	189
1944	137	190
1945	137	190
1946	137	190
1947	137	190
1948	137	190
1949	137	189
1950	137	190
1951	137	189
1952	137	190
1953	137	190
1954	137	190
1955	136	190
1956	136	189
1957	136	190
1958	136	189
1959	136	190
1960	136	190
1961	135	190
1962	136	190
1963	136	190
1964	136	190
1965	136	190
1966	136	190
1967	136	190
1968	136	190
1969	136	190
1970	135	191
1971	135	190
1972	135	190
1973	135	190
1974	136	190
1975	135	190
1976	135	190
1977	135	190
1978	135	190
1979	135	190
1980	135	190
1981	135	190
1982	135	190
1983	135	189
1984	135	190
1985	135	190
1986	135	189
1987	135	190
1988	135	190
1989	135	190
1990	135	190
1991	135	190
1992	135	190
1993	135	190
1994	135	190
1995	135	190
1996	135	190
1997	135	190
1998	135	190
1999	135	190
2000	135	190
2001	135	189
2002	135	190
2003	135	190
2004	135	190
2005	134	190
2006	135	190
2007	135	190
2008	134	189
2009	134	189
2010	135	190
2011	135	190
2012	135	190
2013	135	190
2014	135	190
2015	134	190
2016	135	190
2017	134	190
2018	135	190
2019	135	190
2020	135	189
2021	135	190
2022	135	190
2023	135	189
2024	135	190
2025	134	190
2026	134	190
2027	135	190
2028	135	190
2029	134	189
2030	135	190
2031	134	190
2032	135	189
2033	135	190
2034	135	190
2035	134	190
2036	135	190
2037	134	190
2038	134	190
2039	134	190
2040	134	190
2041	135	190
2042	135	190
2043	135	190
2044	134	189
2045	135	190
2046	135	190
2047	134	190
2048	134	190
2049	134	190
2050	135	190
2051	134	190
2052	134	190
2053	135	190
2054	135	190
2055	134	190
2056	134	190
2057	135	190
2058	135	190
2059	135	190
2060	18	70
2061	23	71
2062	29	71
2063	33	70
2064	38	71
2065	42	70
2066	46	70
2067	50	70
2068	53	70
2069	57	70
2070	60	70
2071	63	70
2072	66	69
2073	69	69
2074	72	69
2075	74	69
2076	77	69
2077	79	69
2078	81	69
2079	84	69
2080	86	68
2081	89	69
2082	90	68
2083	92	68
2084	93	68
2085	95	67
2086	97	68
2087	98	67
2088	99	68
2089	100	68
2090	102	67
2091	104	68
2092	105	67
2093	106	67
2094	107	67
2095	108	67
2096	109	67
2097	110	67
2098	111	67
2099	112	67
2100	113	67
2101	113	67
2102	114	67
2103	115	67
2104	116	67
2105	117	67
2106	118	67
2107	118	67
2108	119	67
2109	120	66
2110	120	66
2111	120	66
2112	121	67
2113	121	66
2114	122	66
2115	122	66
2116	123	66
2117	124	67
2118	124	66
2119	124	66
2120	125	66
2121	125	66
2122	125	66
2123	126	67
2124	126	66
2125	126	66
2126	126	66
2127	127	66
2128	127	66
2129	128	66
2130	128	66
2131	128	66
2132	128	66
2133	129	65
2134	129	66
2135	129	66
2136	129	66
2137	129	66
2138	129	66
2139	129	66
2140	130	66
2141	130	66
2142	129	66
2143	130	66
2144	131	66
2145	131	66
2146	130	66
2147	131	66
2148	131	66
2149	131	66
2150	131	66
2151	131	66
2152	132	66
2153	131	66
2154	132	66
2155	131	66
2156	131	66
2157	131	65
2158	132	66
2159	132	66
2160	132	66
2161	132	66
2162	132	66
2163	132	66
2164	132	66
2165	132	66
2166	132	66
2167	132	66
2168	132	67
2169	132	66
2170	132	66
2171	133	66
2172	132	66
2173	133	66
2174	132	66
2175	132	65
2176	133	66
2177	132	66
2178	133	66
2179	133	66
2180	133	66
2181	133	66
2182	133	66
2183	133	66
2184	133	66
2185	133	66
2186	133	66
2187	133	66
2188	133	66
2189	133	66
2190	133	66
2191	133	66
2192	133	66
2193	133	65
2194	133	66
2195	133	66
2196	133	66
2197	133	66
2198	133	66
2199	133	66
2200	134	66
2201	133	66
2202	133	66
2203	133	66
2204	133	66
2205	134	65
2206	133	66
2207	133	66
2208	133	66
2209	133	66
2210	134	66
2211	133	66
2212	133	66
2213	134	66
2214	134	66
2215	133	66
2216	134	66
2217	133	65
2218	133	66
2219	133	66
2220	134	66
2221	133	66
2222	133	66
2223	134	66
2224	134	66
2225	133	66
2226	134	66
2227	134	66
2228	133	66
2229	133	66
2230	133	66
2231	134	66
2232	133	66
2233	134	66
2234	133	66
2235	134	66
2236	133	66
2237	133	66
2238	134	66
2239	133	66
2240	134	66
2241	134	66
2242	134	66
2243	134	66
2244	133	66
2245	134	66
2246	133	66
2247	133	66
2248	134	66
2249	133	66
2250	133	66
2251	134	66
2252	134	66
2253	133	66
2254	133	66
2255	134	66
2256	133	66
2257	134	66
2258	134	66
2259	133	65
2260	134	66
2261	133	66
2262	133	66
2263	134	66
2264	134	66
2265	133	66
2266	134	66
2267	134	66
2268	251	185
2269	246	186
2270	241	185
2271	236	186
2272	232	186
2273	227	186
2274	223	186
2275	220	186
2276	216	186
2277	212	186
2278	209	186
2279	206	186
2280	203	187
2281	201	187
2282	197	186
2283	195	187
2284	192	187
2285	190	187
2286	187	187
2287	185	187
2288	183	187
2289	181	187
2290	179	188
2291	177	187
2292	175	187
2293	173	188
2294	172	187
2295	171	187
2296	169	188
2297	168	188
2298	166	189
2299	164	188
2300	164	188
2301	162	188
2302	161	189
2303	160	188
2304	159	188
2305	158	188
2306	157	188
2307	156	189
2308	156	189
2309	155	189
2310	154	189
2311	153	189
2312	153	188
2313	152	189
2314	151	189
2315	150	189
2316	150	189
2317	149	189
2318	148	189
2319	148	189
2320	148	189
2321	147	189
2322	147	189
2323	146	189
2324	145	190
2325	145	190
2326	145	189
2327	145	190
2328	144	190
2329	144	190
2330	143	189
2331	143	190
2332	143	189
2333	143	190
2334	142	190
2335	141	190
2336	142	190
2337	141	189
2338	141	190
2339	141	189
2340	140	189
2341	140	190
2342	140	189
2343	139	189
2344	139	190
2345	139	190
2346	139	189
2347	139	190
2348	138	189
2349	138	190
2350	138	189
2351	138	190
2352	138	190
2353	138	190
2354	138	189
2355	138	190
2356	137	190
2357	137	190
2358	137	189
2359	137	190
2360	137	190
2361	137	190
2362	137	190
2363	137	190
2364	137	190
2365	137	190
2366	137	190
2367	137	190
2368	137	190
2369	136	190
2370	136	190
2371	136	190
2372	137	190
2373	136	190
2374	136	189
2375	136	190
2376	136	190
2377	136	190
2378	136	190
2379	136	190
2380	136	190
2381	136	189
2382	136	190
2383	135	190
2384	136	190
2385	136	190
2386	136	190
2387	135	190
2388	136	190
2389	135	190
2390	135	190
2391	135	190
2392	135	190
2393	135	190
2394	135	190
2395	135	190
2396	135	190
2397	136	190
2398	135	190
2399	135	190
2400	135	190
2401	135	190
2402	135	190
2403	135	190
2404	135	190
2405	135	190
2406	135	190
2407	135	189
2408	134	190
2409	135	190
2410	135	190
2411	134	190
2412	135	190
2413	135	190
2414	135	190
2415	135	190
2416	135	190
2417	135	190
2418	135	190
2419	135	190
2420	134	190
2421	134	190
2422	135	190
2423	135	190
2424	135	190
2425	134	189
2426	134	190
2427	135	190
2428	135	190
2429	134	190
2430	135	190
2431	135	189
2432	135	190
2433	135	190
2434	134	190
2435	135	190
2436	134	190
2437	135	190
2438	135	190
2439	134	190
2440	135	190
2441	135	190
2442	135	190
2443	135	189
2444	134	190
2445	135	189
2446	135	190
2447	135	190
2448	134	190
2449	135	189
2450	134	190
2451	135	190
2452	135	190
2453	135	190
2454	134	190
2455	134	189
2456	135	190
2457	135	190
2458	134	190
2459	134	190
2460	135	190
2461	135	190
2462	135	190
2463	134	190
2464	135	190
2465	134	190
2466	135	190
2467	135	189
2468	134	190
2469	135	190
2470	134	190
2471	134	190
2472	134	190
2473	134	189
2474	135	190
2475	134	190
2476	117	172
2477	20	70
2478	25	71
2479	30	70
2480	35	70
2481	39	70
2482	43	70
2483	47	70
2484	51	70
2485	54	70
2486	58	70
2487	61	69
2488	64	69
2489	67	70
2490	70	69
2491	73	69
2492	75	69
2493	78	69
2494	80	69
2495	82	69
2496	85	69
2497	87	68
2498	89	68
2499	90	68
2500	92	69
2501	94	68
2502	96	67
2503	97	67
2504	99	67
2505	100	67
2506	101	67
2507	103	67
2508	104	67
2509	105	67
2510	106	67
2511	108	67
2512	108	67
2513	110	67
2514	111	67
2515	111	67
2516	112	67
2517	113	67
2518	114	66
2519	115	67
2520	116	67
2521	116	67
2522	117	67
2523	118	67
2524	118	67
2525	119	66
2526	120	66
2527	120	66
2528	121	66
2529	121	66
2530	122	67
2531	122	67
2532	122	66
2533	123	67
2534	124	66
2535	124	66
2536	124	66
2537	124	66
2538	125	66
2539	125	66
2540	126	66
2541	126	66
2542	126	66
2543	127	66
2544	127	65
2545	127	66
2546	127	66
2547	128	67
2548	128	66
2549	129	66
2550	129	66
2551	129	66
2552	129	66
2553	129	66
2554	129	67
2555	129	66
2556	129	65
2557	129	66
2558	129	66
2559	131	66
2560	130	66
2561	130	66
2562	131	66
2563	131	66
2564	131	66
2565	131	66
2566	131	66
2567	131	66
2568	131	65
2569	131	66
2570	132	66
2571	131	66
2572	131	66
2573	131	66
2574	132	66
2575	132	66
2576	132	66
2577	132	66
2578	132	66
2579	132	66
2580	132	66
2581	132	66
2582	132	66
2583	132	66
2584	132	66
2585	132	66
2586	132	66
2587	132	66
2588	132	66
2589	132	66
2590	133	66
2591	132	66
2592	132	66
2593	132	66
2594	133	66
2595	133	66
2596	133	66
2597	133	66
2598	133	66
2599	133	66
2600	133	66
2601	133	66
2602	133	66
2603	133	66
2604	132	65
2605	133	67
2606	133	66
2607	133	66
2608	134	66
2609	133	66
2610	133	66
2611	133	66
2612	133	66
2613	133	66
2614	133	67
2615	134	66
2616	133	65
2617	134	66
2618	133	66
2619	133	66
2620	134	66
2621	134	66
2622	133	66
2623	133	66
2624	134	66
2625	134	66
2626	133	66
2627	133	66
2628	134	66
2629	133	66
2630	133	66
2631	134	66
2632	134	66
2633	133	66
2634	133	66
2635	134	66
2636	134	66
2637	133	66
2638	134	66
2639	133	66
2640	134	66
2641	134	66
2642	133	66
2643	134	66
2644	134	66
2645	134	66
2646	134	66
2647	134	66
2648	134	66
2649	134	67
2650	134	66
2651	134	66
2652	133	66
2653	134	66
2654	134	66
2655	134	66
2656	134	66
2657	134	66
2658	134	66
2659	134	66
2660	134	66
2661	133	66
2662	134	66
2663	134	66
2664	134	66
2665	134	66
2666	134	66
2667	134	66
2668	134	66
2669	134	66
2670	134	66
2671	134	66
2672	134	66
2673	134	66
2674	133	66
2675	134	66
2676	134	66
2677	133	66
2678	134	66
2679	134	66
2680	134	66
2681	134	66
2682	134	66
2683	134	66
2684	134	66
2685	250	186
2686	244	185
2687	239	185
2688	235	185
2689	231	185
2690	227	186
2691	223	186
2692	219	186
2693	215	186
2694	212	186
2695	209	186
2696	205	187
2697	202	187
2698	199	187
2699	196	187
2700	194	187
2701	191	187
2702	189	187
2703	187	187
2704	185	187
2705	182	187
2706	181	187
2707	179	187
2708	177	187
2709	175	187
2710	173	188
2711	172	188
2712	170	188
2713	169	188
2714	167	188
2715	166	188
2716	164	188
2717	163	187
2718	162	188
2719	161	189
2720	160	188
2721	159	189
2722	158	189
2723	156	188
2724	156	189
2725	156	188
2726	155	189
2727	154	189
2728	153	189
2729	152	189
2730	152	189
2731	151	189
2732	150	189
2733	150	189
2734	149	189
2735	148	189
2736	148	189
2737	147	189
2738	147	189
2739	146	189
2740	146	189
2741	145	189
2742	145	190
2743	144	189
2744	145	189
2745	144	190
2746	144	189
2747	143	189
2748	143	189
2749	142	189
2750	142	189
2751	142	189
2752	142	190
2753	141	189
2754	141	190
2755	141	190
2756	140	190
2757	140	190
2758	140	189
2759	140	190
2760	139	190
2761	139	190
2762	139	190
2763	139	190
2764	139	190
2765	138	189
2766	138	189
2767	139	190
2768	138	190
2769	138	190
2770	138	190
2771	137	190
2772	138	190
2773	137	190
2774	137	190
2775	137	189
2776	137	190
2777	137	190
2778	137	190
2779	137	190
2780	137	190
2781	137	190
2782	137	190
2783	137	190
2784	137	190
2785	137	190
2786	136	190
2787	137	190
2788	136	190
2789	136	190
2790	136	189
2791	136	190
2792	136	190
2793	136	190
2794	136	190
2795	136	190
2796	135	190
2797	135	190
2798	136	190
2799	136	190
2800	136	189
2801	136	190
2802	136	190
2803	135	190
2804	135	190
2805	135	190
2806	135	190
2807	135	190
2808	136	190
2809	135	190
2810	135	190
2811	135	190
2812	135	190
2813	135	190
2814	135	190
2815	136	190
2816	135	190
2817	135	190
2818	135	189
2819	135	190
2820	135	190
2821	135	190
2822	135	190
2823	135	190
2824	135	190
2825	135	190
2826	135	190
2827	135	190
2828	135	190
2829	135	190
2830	135	189
2831	135	190
2832	135	190
2833	135	190
2834	135	190
2835	135	190
2836	135	190
2837	135	190
2838	135	190
2839	135	190
2840	135	189
2841	135	190
2842	135	189
2843	134	190
2844	135	190
2845	134	190
2846	135	190
2847	135	190
2848	135	190
2849	135	190
2850	135	189
2851	134	190
2852	135	190
2853	135	190
2854	135	189
2855	135	190
2856	135	190
2857	135	190
2858	135	190
2859	135	190
2860	134	189
2861	135	190
2862	134	190
2863	135	189
2864	134	190
2865	135	189
2866	134	189
2867	134	190
2868	135	190
2869	135	190
2870	135	189
2871	135	190
2872	135	190
2873	135	189
2874	135	190
2875	134	190
2876	135	190
2877	135	190
2878	134	190
2879	135	190
2880	135	190
2881	134	190
2882	135	190
2883	135	190
2884	135	190
2885	135	190
2886	134	190
2887	134	190
2888	135	190
2889	135	190
2890	134	189
2891	134	190
2892	135	190
2893	17	71
2894	22	70
2895	27	71
2896	32	70
2897	36	70
2898	41	70
2899	45	70
2900	49	70
2901	52	70
2902	56	69
2903	59	70
2904	62	70
2905	65	69
2906	68	69
2907	71	69
2908	73	69
2909	77	69
2910	79	69
2911	81	69
2912	83	69
2913	85	69
2914	88	68
2915	89	68
2916	91	67
2917	93	68
2918	95	68
2919	96	68
2920	98	68
2921	100	67
2922	101	67
2923	102	68
2924	103	67
2925	104	67
2926	105	67
2927	107	67
2928	108	67
2929	109	67
2930	110	67
2931	111	67
2932	112	67
2933	112	67
2934	113	67
2935	114	67
2936	115	67
2937	116	67
2938	117	67
2939	117	67
2940	118	66
2941	119	67
2942	119	67
2943	120	67
2944	121	67
2945	121	66
2946	121	67
2947	121	67
2948	123	67
2949	123	66
2950	124	67
2951	124	67
2952	124	66
2953	124	66
2954	125	67
2955	125	65
2956	126	67
2957	126	66
2958	126	66
2959	127	66
2960	127	66
2961	127	66
2962	127	67
2963	128	66
2964	128	66
2965	128	66
2966	129	67
2967	129	66
2968	129	66
2969	129	66
2970	129	66
2971	129	66
2972	130	66
2973	129	66
2974	130	67
2975	130	66
2976	130	66
2977	130	66
2978	131	66
2979	131	66
2980	131	66
2981	131	66
2982	131	66
2983	131	66
2984	131	66
2985	131	66
2986	131	66
2987	131	66
2988	131	66
2989	132	66
2990	132	66
2991	132	66
2992	132	66
2993	132	66
2994	132	66
2995	132	66
2996	132	66
2997	132	66
2998	132	66
2999	132	66
3000	132	66
3001	132	66
3002	132	66
3003	132	65
3004	132	66
3005	133	66
3006	132	66
3007	132	66
3008	133	66
3009	133	66
3010	133	66
3011	132	66
3012	132	66
3013	133	66
3014	133	66
3015	133	65
3016	133	66
3017	133	66
3018	133	66
3019	133	66
3020	133	66
3021	133	66
3022	133	66
3023	133	66
3024	133	66
3025	133	66
3026	133	66
3027	133	66
3028	133	66
3029	133	66
3030	133	66
3031	133	66
3032	133	66
3033	133	66
3034	133	66
3035	133	66
3036	133	66
3037	133	66
3038	134	66
3039	133	65
3040	133	66
3041	133	66
3042	133	66
3043	133	66
3044	133	66
3045	134	66
3046	133	66
3047	134	66
3048	133	66
3049	134	66
3050	134	66
3051	134	66
3052	134	66
3053	134	66
3054	133	66
3055	133	66
3056	134	66
3057	134	66
3058	134	66
3059	134	66
3060	134	66
3061	133	66
3062	133	66
3063	133	66
3064	134	67
3065	134	66
3066	134	66
3067	134	66
3068	134	66
3069	134	66
3070	134	66
3071	134	66
3072	134	66
3073	133	66
3074	134	67
3075	134	66
3076	133	66
3077	134	66
3078	133	66
3079	134	66
3080	134	66
3081	134	66
3082	134	66
3083	133	66
3084	134	66
3085	133	66
3086	134	66
3087	134	66
3088	134	66
3089	134	66
3090	134	66
3091	134	66
3092	134	65
3093	134	66
3094	134	66
3095	134	66
3096	134	66
3097	134	66
3098	133	66
3099	134	66
3100	134	66
3101	150	81
3102	248	186
3103	243	186
3104	238	185
3105	233	185
3106	229	186
3107	225	185
3108	221	186
3109	217	186
3110	214	186
3111	211	186
3112	207	186
3113	205	187
3114	201	187
3115	198	187
3116	195	186
3117	193	187
3118	190	187
3119	188	187
3120	186	187
3121	183	187
3122	182	187
3123	180	187
3124	178	187
3125	176	188
3126	174	188
3127	172	188
3128	172	187
3129	170	188
3130	169	188
3131	167	188
3132	165	188
3133	164	188
3134	162	187
3135	161	188
3136	161	189
3137	159	189
3138	159	189
3139	158	189
3140	156	188
3141	156	189
3142	154	189
3143	154	189
3144	153	189
3145	153	189
3146	152	189
3147	151	189
3148	151	189
3149	150	189
3150	149	189
3151	149	189
3152	148	189
3153	148	189
3154	147	189
3155	147	189
3156	146	189
3157	146	190
3158	145	189
3159	145	189
3160	145	190
3161	145	190
3162	144	189
3163	143	190
3164	143	189
3165	143	190
3166	142	189
3167	142	189
3168	142	190
3169	142	190
3170	141	190
3171	141	190
3172	140	189
3173	141	190
3174	140	190
3175	140	189
3176	140	189
3177	140	189
3178	139	190
3179	139	190
3180	139	190
3181	139	190
3182	139	190
3183	138	189
3184	138	190
3185	138	190
3186	138	189
3187	137	190
3188	138	190
3189	137	190
3190	137	190
3191	138	190
3192	137	190
3193	137	190
3194	137	190
3195	137	189
3196	137	190
3197	137	190
3198	137	190
3199	137	190
3200	137	190
3201	137	190
3202	137	190
3203	136	189
3204	136	190
3205	137	190
3206	136	190
3207	136	190
3208	136	190
3209	136	190
3210	136	190
3211	136	190
3212	136	190
3213	136	190
3214	136	190
3215	136	190
3216	136	190
3217	135	190
3218	135	190
3219	136	189
3220	136	190
3221	136	190
3222	136	190
3223	135	190
3224	135	190
3225	135	190
3226	135	190
3227	135	190
3228	135	190
3229	135	189
3230	135	190
3231	135	190
3232	135	190
3233	135	190
3234	135	190
3235	135	190
3236	135	190
3237	135	190
3238	135	190
3239	135	190
3240	135	190
3241	135	189
3242	135	190
3243	135	190
3244	135	190
3245	135	190
3246	135	190
3247	135	190
3248	135	190
3249	135	190
3250	135	190
3251	135	190
3252	135	190
3253	135	189
3254	135	190
3255	135	190
3256	135	190
3257	134	190
3258	135	190
3259	135	190
3260	135	190
3261	134	190
3262	134	190
3263	135	190
3264	135	190
3265	135	189
3266	135	190
3267	134	190
3268	134	190
3269	135	190
3270	135	190
3271	134	189
3272	135	190
3273	135	190
3274	135	190
3275	135	190
3276	134	190
3277	134	189
3278	135	190
3279	135	190
3280	135	190
3281	134	190
3282	135	190
3283	135	190
3284	134	190
3285	135	190
3286	135	190
3287	135	189
3288	135	190
3289	135	189
3290	134	190
3291	134	190
3292	134	190
3293	134	190
3294	135	190
3295	134	189
3296	135	190
3297	134	190
3298	135	190
3299	135	189
3300	135	190
3301	134	190
3302	134	190
3303	134	190
3304	135	190
3305	135	190
3306	135	190
3307	135	190
3308	134	190
3309	134	189
3310	18	70
3311	23	70
3312	28	71
3313	33	70
3314	38	71
3315	42	70
3316	46	70
3317	50	70
3318	53	70
3319	57	70
3320	60	70
3321	63	70
3322	66	69
3323	69	69
3324	72	69
3325	75	69
3326	77	69
3327	80	69
3328	82	69
3329	84	69
3330	86	69
3331	88	68
3332	90	68
3333	92	68
3334	93	68
3335	95	68
3336	97	67
3337	98	68
3338	99	67
3339	101	67
3340	102	67
3341	103	67
3342	105	67
3343	106	67
3344	107	67
3345	108	67
3346	109	67
3347	110	67
3348	111	67
3349	112	67
3350	113	67
3351	113	67
3352	114	67
3353	116	67
3354	116	67
3355	117	67
3356	118	67
3357	118	67
3358	119	67
3359	120	66
3360	120	67
3361	121	67
3362	121	67
3363	122	66
3364	122	66
3365	123	66
3366	123	66
3367	124	66
3368	124	66
3369	124	66
3370	125	66
3371	125	66
3372	125	66
3373	126	66
3374	126	66
3375	126	66
3376	126	66
3377	127	66
3378	128	66
3379	128	66
3380	127	66
3381	128	66
3382	128	67
3383	129	67
3384	129	67
3385	129	66
3386	129	66
3387	129	66
3388	129	66
3389	129	66
3390	130	65
3391	130	66
3392	130	66
3393	130	66
3394	130	66
3395	130	66
3396	131	66
3397	131	66
3398	131	66
3399	131	66
3400	131	66
3401	131	67
3402	131	66
3403	131	66
3404	131	66
3405	132	66
3406	132	66
3407	132	66
3408	131	65
3409	132	66
3410	132	66
3411	132	66
3412	132	66
3413	132	66
3414	132	66
3415	132	66
3416	132	66
3417	132	66
3418	132	66
3419	132	66
3420	132	67
3421	132	66
3422	132	66
3423	133	66
3424	133	66
3425	132	66
3426	133	65
3427	132	66
3428	132	66
3429	132	66
3430	133	66
3431	133	66
3432	133	66
3433	133	66
3434	133	66
3435	132	66
3436	132	66
3437	133	66
3438	133	65
3439	133	66
3440	133	66
3441	133	66
3442	133	66
3443	132	66
3444	133	66
3445	133	66
3446	134	66
3447	133	66
3448	133	66
3449	133	66
3450	133	65
3451	134	66
3452	133	66
3453	133	66
3454	133	66
3455	133	66
3456	133	66
3457	133	66
3458	133	66
3459	133	66
3460	133	66
3461	134	66
3462	133	66
3463	133	66
3464	133	66
3465	134	66
3466	134	66
3467	133	66
3468	133	66
3469	133	66
3470	133	66
3471	134	66
3472	133	66
3473	133	66
3474	134	66
3475	133	66
3476	133	66
3477	134	66
3478	134	66
3479	134	66
3480	133	66
3481	134	66
3482	134	66
3483	133	66
3484	134	66
3485	134	66
3486	134	66
3487	134	66
3488	133	66
3489	134	66
3490	134	66
3491	134	66
3492	134	66
3493	134	66
3494	133	66
3495	134	66
3496	134	66
3497	134	66
3498	134	66
3499	134	66
3500	133	66
3501	134	66
3502	134	66
3503	134	65
3504	134	66
3505	134	66
3506	133	66
3507	133	66
3508	133	66
3509	134	66
3510	133	66
3511	134	66
3512	133	66
3513	134	65
3514	133	66
3515	133	66
3516	134	66
3517	134	66
3518	250	185
3519	246	186
3520	241	185
3521	236	185
3522	232	186
3523	227	186
3524	224	186
3525	220	186
3526	216	186
3527	212	186
3528	209	186
3529	206	186
3530	203	187
3531	200	187
3532	198	187
3533	195	187
3534	193	187
3535	190	187
3536	187	187
3537	185	187
3538	183	187
3539	181	187
3540	179	187
3541	177	187
3542	175	187
3543	173	188
3544	172	188
3545	170	187
3546	169	188
3547	168	188
3548	166	188
3549	165	188
3550	164	189
3551	162	188
3552	161	189
3553	161	188
3554	160	189
3555	158	189
3556	157	189
3557	157	189
3558	156	189
3559	155	189
3560	154	189
3561	153	189
3562	153	189
3563	151	188
3564	151	190
3565	150	189
3566	149	189
3567	149	189
3568	149	189
3569	148	189
3570	148	189
3571	147	189
3572	146	190
3573	146	189
3574	145	189
3575	145	189
3576	145	189
3577	144	189
3578	144	189
3579	143	190
3580	143	189
3581	143	189
3582	142	189
3583	142	190
3584	141	190
3585	141	190
3586	142	190
3587	141	189
3588	141	189
3589	140	189
3590	140	189
3591	140	189
3592	140	190
3593	140	190
3594	139	190
3595	139	190
3596	139	190
3597	139	190
3598	139	189
3599	139	190
3600	138	190
3601	138	190
3602	138	190
3603	138	189
3604	138	189
3605	137	190
3606	137	190
3607	137	190
3608	137	190
3609	137	190
3610	137	190
3611	137	190
3612	137	189
3613	137	190
3614	137	190
3615	136	190
3616	137	190
3617	136	190
3618	137	190
3619	137	190
3620	136	190
3621	137	190
3622	137	190
3623	136	190
3624	136	190
3625	136	190
3626	136	190
3627	136	190
3628	136	190
3629	136	190
3630	135	190
3631	136	190
3632	136	189
3633	136	190
3634	136	190
3635	136	190
3636	135	190
3637	136	190
3638	135	189
3639	135	190
3640	135	189
3641	135	190
3642	136	190
3643	135	190
3644	135	190
3645	135	190
3646	135	190
3647	135	190
3648	135	190
3649	135	190
3650	135	190
3651	135	190
3652	135	189
3653	135	190
3654	135	190
3655	135	190
3656	135	190
3657	134	189
3658	135	190
3659	135	190
3660	135	190
3661	135	190
3662	135	190
3663	135	190
3664	135	189
3665	135	190
3666	135	190
3667	135	190
3668	135	190
3669	134	190
3670	135	190
3671	135	190
3672	135	190
3673	135	190
3674	135	190
3675	135	190
3676	135	189
3677	135	190
3678	134	190
3679	135	190
3680	135	189
3681	135	190
3682	134	189
3683	135	190
3684	135	190
3685	135	190
3686	135	190
3687	135	190
3688	135	190
3689	135	190
3690	134	190
3691	134	190
3692	135	190
3693	135	190
3694	135	190
3695	135	189
3696	135	190
3697	135	190
3698	134	190
3699	135	190
3700	135	189
3701	134	190
3702	135	190
3703	134	190
3704	135	190
3705	135	190
3706	134	189
3707	134	190
3708	134	190
3709	135	190
3710	134	190
3711	134	190
3712	135	189
3713	135	190
3714	135	190
3715	134	190
3716	135	190
3717	135	190
3718	135	190
3719	134	190
3720	134	190
3721	134	190
3722	135	190
3723	135	190
3724	134	189
3725	134	189
3726	117	172
3727	20	70
3728	25	71
3729	30	71
3730	35	71
3731	40	71
3732	43	70
3733	47	70
3734	51	70
3735	54	69
3736	58	70
3737	61	69
3738	65	69
3739	67	69
3740	70	69
3741	73	69
3742	75	69
3743	78	69
3744	80	68
3745	83	69
3746	84	69
3747	86	68
3748	88	68
3749	90	68
3750	92	68
3751	94	68
3752	96	68
3753	97	67
3754	98	67
3755	100	67
3756	101	67
3757	103	67
3758	104	67
3759	105	68
3760	106	67
3761	108	67
3762	108	67
3763	109	67
3764	111	67
3765	112	67
3766	113	67
3767	113	67
3768	114	67
3769	115	67
3770	116	67
3771	116	66
3772	117	67
3773	118	67
3774	118	67
3775	119	67
3776	120	67
3777	120	66
3778	121	66
3779	121	67
3780	121	66
3781	122	67
3782	123	67
3783	124	67
3784	124	67
3785	124	67
3786	124	66
3787	125	66
3788	125	66
3789	125	66
3790	126	66
3791	126	66
3792	126	66
3793	127	66
3794	127	66
3795	127	66
3796	128	66
3797	128	66
3798	128	66
3799	128	66
3800	129	66
3801	129	66
3802	129	66
3803	129	66
3804	129	66
3805	129	66
3806	129	66
3807	129	66
3808	129	67
3809	129	66
3810	130	66
3811	131	67
3812	130	66
3813	130	65
3814	130	66
3815	131	66
3816	131	66
3817	131	66
3818	131	66
3819	131	65
3820	131	66
3821	132	66
3822	132	66
3823	132	66
3824	132	66
3825	131	66
3826	132	66
3827	132	66
3828	132	66
3829	132	66
3830	132	66
3831	132	66
3832	132	66
3833	132	66
3834	132	66
3835	132	66
3836	132	66
3837	132	65
3838	133	66
3839	133	66
3840	133	66
3841	132	66
3842	132	66
3843	133	66
3844	132	66
3845	133	66
3846	133	66
3847	133	66
3848	133	66
3849	132	65
3850	132	66
3851	133	66
3852	133	66
3853	133	66
3854	133	66
3855	133	66
3856	133	66
3857	133	66
3858	133	66
3859	133	66
3860	132	66
3861	133	66
3862	133	66
3863	133	66
3864	134	66
3865	133	66
3866	133	66
3867	133	66
3868	134	66
3869	133	66
3870	133	66
3871	134	66
3872	133	66
3873	133	66
3874	133	66
3875	133	66
3876	133	66
3877	133	66
3878	133	66
3879	133	65
3880	134	66
3881	134	66
3882	134	66
3883	133	66
3884	133	66
3885	133	66
3886	133	66
3887	134	66
3888	133	66
3889	133	66
3890	134	66
3891	133	66
3892	134	66
3893	133	66
3894	133	66
3895	133	66
3896	134	66
3897	134	66
3898	133	66
3899	133	66
3900	133	66
3901	134	66
3902	134	66
3903	133	66
3904	133	66
3905	134	66
3906	134	66
3907	134	66
3908	134	66
3909	134	66
3910	134	66
3911	133	66
3912	133	66
3913	134	66
3914	134	65
3915	134	66
3916	134	66
3917	134	66
3918	134	66
3919	134	66
3920	134	66
3921	134	66
3922	134	66
3923	134	66
3924	133	66
3925	134	66
3926	133	66
3927	134	66
3928	134	66
3929	133	66
3930	133	66
3931	134	66
3932	134	66
3933	134	66
3934	133	66
3935	250	186
3936	244	185
3937	239	186
3938	235	185
3939	231	186
3940	226	185
3941	223	186
3942	219	186
3943	215	186
3944	212	186
3945	209	186
3946	205	186
3947	202	186
3948	199	186
3949	196	187
3950	193	186
3951	191	187
3952	189	187
3953	186	187
3954	185	187
3955	182	187
3956	180	187
3957	178	187
3958	177	187
3959	175	188
3960	173	188
3961	172	187
3962	170	187
3963	169	189
3964	167	188
3965	166	188
3966	164	188
3967	164	189
3968	162	189
3969	161	188
3970	160	188
3971	159	189
3972	158	188
3973	157	188
3974	156	188
3975	155	189
3976	154	189
3977	154	189
3978	153	189
3979	153	189
3980	152	189
3981	151	189
3982	150	189
3983	149	189
3984	149	190
3985	148	189
3986	148	189
3987	148	189
3988	147	189
3989	146	189
3990	146	189
3991	145	189
3992	145	189
3993	145	190
3994	144	189
3995	144	190
3996	143	190
3997	143	189
3998	143	189
3999	143	190
4000	142	189
4001	142	189
4002	141	190
4003	141	190
4004	141	189
4005	140	190
4006	141	190
4007	140	190
4008	140	189
4009	140	189
4010	140	189
4011	139	190
4012	139	190
4013	139	189
4014	139	190
4015	138	190
4016	138	190
4017	138	190
4018	138	190
4019	138	190
4020	138	190
4021	138	190
4022	138	189
4023	137	190
4024	137	190
4025	137	189
4026	137	190
4027	137	189
4028	137	189
4029	137	189
4030	137	190
4031	137	189
4032	137	189
4033	137	189
4034	137	190
4035	137	190
4036	136	190
4037	137	190
4038	136	189
4039	136	189
4040	136	190
4041	136	190
4042	136	190
4043	136	190
4044	136	190
4045	136	190
4046	135	190
4047	136	189
4048	136	190
4049	136	190
4050	136	190
4051	136	189
4052	136	190
4053	135	189
4054	135	190
4055	136	190
4056	135	190
4057	136	190
4058	135	190
4059	135	190
4060	135	190
4061	135	189
4062	135	190
4063	135	189
4064	135	189
4065	135	190
4066	135	190
4067	135	190
4068	135	189
4069	135	190
4070	135	190
4071	135	190
4072	135	190
4073	135	190
4074	135	190
4075	135	189
4076	135	190
4077	135	190
4078	134	189
4079	135	190
4080	135	190
4081	135	190
4082	135	190
4083	135	190
4084	135	190
4085	135	190
4086	135	189
4087	135	189
4088	135	190
4089	135	190
4090	135	189
4091	135	190
4092	135	190
4093	134	189
4094	135	190
4095	135	190
