
TIME STEP:
125 = 0.2ms

VOLTAGE STEP:
CH1:  32 = 1V
CH2:  32 = 1V
GND	138	132
N	CH1	CH2

0	131	65
1	131	65
2	132	65
3	131	65
4	132	65
5	131	65
6	132	65
7	132	66
8	132	65
9	132	66
10	132	65
11	132	65
12	132	66
13	132	66
14	132	66
15	132	65
16	132	65
17	132	65
18	132	65
19	132	66
20	132	66
21	132	65
22	133	66
23	132	65
24	133	66
25	132	65
26	132	66
27	133	65
28	133	65
29	133	65
30	132	66
31	132	65
32	133	65
33	133	65
34	133	65
35	133	65
36	133	65
37	133	66
38	133	66
39	133	65
40	133	65
41	133	65
42	133	65
43	133	65
44	133	65
45	133	65
46	133	66
47	133	65
48	133	65
49	133	65
50	133	66
51	133	65
52	134	65
53	133	66
54	134	65
55	133	66
56	133	65
57	133	66
58	133	65
59	133	66
60	134	66
61	133	65
62	133	65
63	133	66
64	133	65
65	134	65
66	134	65
67	134	65
68	134	66
69	133	65
70	133	65
71	133	65
72	133	65
73	133	66
74	134	65
75	134	65
76	133	65
77	133	65
78	134	65
79	134	65
80	133	65
81	134	66
82	133	65
83	133	65
84	133	65
85	134	67
86	135	67
87	134	66
88	135	66
89	135	66
90	134	66
91	134	66
92	134	66
93	134	66
94	134	66
95	135	66
96	134	67
97	134	66
98	134	67
99	134	66
100	134	66
101	135	67
102	135	67
103	135	67
104	135	67
105	135	67
106	135	67
107	135	67
108	135	67
109	135	67
110	135	67
111	135	67
112	135	67
113	135	67
114	135	68
115	135	68
116	136	68
117	136	69
118	136	68
119	137	69
120	136	69
121	137	70
122	137	69
123	137	70
124	137	70
125	137	70
126	137	70
127	137	71
128	138	71
129	138	71
130	138	72
131	138	72
132	139	73
133	138	73
134	139	73
135	139	74
136	140	74
137	140	75
138	140	75
139	140	75
140	141	77
141	141	77
142	142	78
143	142	79
144	143	79
145	143	80
146	143	81
147	144	81
148	144	81
149	145	83
150	145	84
151	145	85
152	146	86
153	147	87
154	147	87
155	148	89
156	148	90
157	149	91
158	150	92
159	151	94
160	150	94
161	151	95
162	152	97
163	153	98
164	153	99
165	154	100
166	155	102
167	155	103
168	156	104
169	156	105
170	157	107
171	158	109
172	159	110
173	159	112
174	159	113
175	161	114
176	161	116
177	162	118
178	162	119
179	163	122
180	164	123
181	164	125
182	165	126
183	165	128
184	167	130
185	167	132
186	169	133
187	168	135
188	169	137
189	169	139
190	170	140
191	171	143
192	172	145
193	172	147
194	173	148
195	173	149
196	173	151
197	174	153
198	175	155
199	175	156
200	174	158
201	175	159
202	175	161
203	176	163
204	175	164
205	176	166
206	176	167
207	176	169
208	176	170
209	176	171
210	177	173
211	177	174
212	175	175
213	175	176
214	175	178
215	175	179
216	175	180
217	174	180
218	173	181
219	174	182
220	173	183
221	172	184
222	172	185
223	171	186
224	171	186
225	170	186
226	169	187
227	169	187
228	168	187
229	167	188
230	166	187
231	165	188
232	164	188
233	163	188
234	162	187
235	161	187
236	159	187
237	158	186
238	157	186
239	156	186
240	155	185
241	154	184
242	153	183
243	151	183
244	150	183
245	148	181
246	147	179
247	146	179
248	145	178
249	143	177
250	141	176
251	140	175
252	139	174
253	137	173
254	136	171
255	134	169
256	133	169
257	132	167
258	130	165
259	129	164
260	128	163
261	127	161
262	125	159
263	124	157
264	122	155
265	121	155
266	120	153
267	119	151
268	118	149
269	117	147
270	116	146
271	114	144
272	113	142
273	113	140
274	112	139
275	110	137
276	109	134
277	108	133
278	108	131
279	107	130
280	106	128
281	105	126
282	105	125
283	104	123
284	103	121
285	103	119
286	103	118
287	102	117
288	101	114
289	101	113
290	100	112
291	100	110
292	100	109
293	100	107
294	99	105
295	99	104
296	99	103
297	99	101
298	99	100
299	99	99
300	98	98
301	99	97
302	99	95
303	99	94
304	99	94
305	98	93
306	99	91
307	99	91
308	100	89
309	99	88
310	100	87
311	100	86
312	100	85
313	100	84
314	100	84
315	101	82
316	102	82
317	102	81
318	103	81
319	102	79
320	103	79
321	103	78
322	104	78
323	104	77
324	104	77
325	105	76
326	105	75
327	105	75
328	106	74
329	106	75
330	107	73
331	108	74
332	108	72
333	108	73
334	109	72
335	109	72
336	109	71
337	110	71
338	111	70
339	111	70
340	112	70
341	112	70
342	113	70
343	113	70
344	114	70
345	113	69
346	115	69
347	115	69
348	115	69
349	116	68
350	116	67
351	116	68
352	117	68
353	118	68
354	118	67
355	118	67
356	119	67
357	119	67
358	119	67
359	120	67
360	120	67
361	120	67
362	121	66
363	121	67
364	121	66
365	122	66
366	122	67
367	123	66
368	123	67
369	123	67
370	124	66
371	124	66
372	124	67
373	125	66
374	124	66
375	124	67
376	125	67
377	125	66
378	125	65
379	125	66
380	125	66
381	126	65
382	126	65
383	126	65
384	127	66
385	127	66
386	127	65
387	127	65
388	127	66
389	128	66
390	128	65
391	128	66
392	128	65
393	128	65
394	129	65
395	129	65
396	129	66
397	129	66
398	129	65
399	129	66
400	129	66
401	129	66
402	129	66
403	130	66
404	130	66
405	130	65
406	130	66
407	130	66
408	130	65
409	131	65
410	130	65
411	131	66
412	131	65
413	131	66
414	131	66
415	132	65
416	131	65
417	131	66
418	131	66
419	131	66
420	131	66
421	132	65
422	132	65
423	132	65
424	132	65
425	131	66
426	132	66
427	132	66
428	132	66
429	132	65
430	132	66
431	132	65
432	132	66
433	132	66
434	132	65
435	132	65
436	132	65
437	132	65
438	133	65
439	132	65
440	132	66
441	133	65
442	132	66
443	132	66
444	133	66
445	132	66
446	132	66
447	132	66
448	132	65
449	133	66
450	133	66
451	133	65
452	133	65
453	133	66
454	133	65
455	133	65
456	133	65
457	133	65
458	133	65
459	133	66
460	133	65
461	133	66
462	133	66
463	133	66
464	133	66
465	133	66
466	133	66
467	133	65
468	133	66
469	133	66
470	133	65
471	134	65
472	133	65
473	133	66
474	134	65
475	133	65
476	133	65
477	133	66
478	133	66
479	133	66
480	133	66
481	133	65
482	133	66
483	133	66
484	133	65
485	133	65
486	133	66
487	133	65
488	133	65
489	134	65
490	133	65
491	133	65
492	133	65
493	133	66
494	133	65
495	133	66
496	133	65
497	133	66
498	133	65
499	133	65
500	134	65
501	133	65
502	135	66
503	134	66
504	134	66
505	135	66
506	134	66
507	134	66
508	134	66
509	134	66
510	134	66
511	135	66
512	135	66
513	134	66
514	134	66
515	134	66
516	134	66
517	134	66
518	135	66
519	135	67
520	135	66
521	135	67
522	135	67
523	135	67
524	135	67
525	135	67
526	136	67
527	135	68
528	135	67
529	135	67
530	135	67
531	136	68
532	136	68
533	136	68
534	136	69
535	136	69
536	137	69
537	136	69
538	137	70
539	137	69
540	137	69
541	137	71
542	137	70
543	137	71
544	137	71
545	138	72
546	138	72
547	138	72
548	138	72
549	139	73
550	139	73
551	139	74
552	140	74
553	140	75
554	140	75
555	140	76
556	140	76
557	141	77
558	141	77
559	142	78
560	143	79
561	143	80
562	143	80
563	143	81
564	144	82
565	145	83
566	145	83
567	146	84
568	146	85
569	147	86
570	147	87
571	147	87
572	148	89
573	149	90
574	149	91
575	150	93
576	150	94
577	151	95
578	151	95
579	152	97
580	153	98
581	153	99
582	154	101
583	155	102
584	156	103
585	155	104
586	156	106
587	158	108
588	158	109
589	158	110
590	160	113
591	160	114
592	161	115
593	161	117
594	162	119
595	163	120
596	164	122
597	164	123
598	164	125
599	166	127
600	167	129
601	167	131
602	167	132
603	169	134
604	169	136
605	169	137
606	170	139
607	170	141
608	172	143
609	172	145
610	172	147
611	173	148
612	174	150
613	174	152
614	174	154
615	174	155
616	174	157
617	175	159
618	175	160
619	175	162
620	175	163
621	176	165
622	176	167
623	176	168
624	177	169
625	177	171
626	177	173
627	176	173
628	176	175
629	176	176
630	176	177
631	175	178
632	175	179
633	175	180
634	174	181
635	174	182
636	173	183
637	172	183
638	172	185
639	172	185
640	171	185
641	170	186
642	170	187
643	169	187
644	169	187
645	168	187
646	167	188
647	166	187
648	164	187
649	164	187
650	163	188
651	161	187
652	161	187
653	159	187
654	158	187
655	156	186
656	156	186
657	154	185
658	153	184
659	153	185
660	151	183
661	149	182
662	148	181
663	147	180
664	145	179
665	144	178
666	142	176
667	141	176
668	140	175
669	137	173
670	137	172
671	136	171
672	134	169
673	133	168
674	131	166
675	129	165
676	129	163
677	128	162
678	126	161
679	125	159
680	124	157
681	122	155
682	121	154
683	119	151
684	119	150
685	118	149
686	116	147
687	116	145
688	114	143
689	113	142
690	113	141
691	111	138
692	110	135
693	109	134
694	108	133
695	107	130
696	106	128
697	106	127
698	105	126
699	105	123
700	103	122
701	103	120
702	103	119
703	103	118
704	102	116
705	101	114
706	101	113
707	102	112
708	100	110
709	100	107
710	100	107
711	100	105
712	99	104
713	99	102
714	99	101
715	99	99
716	99	99
717	99	97
718	99	96
719	99	95
720	99	94
721	99	93
722	99	92
723	100	91
724	99	90
725	99	89
726	100	88
727	100	87
728	100	86
729	100	85
730	100	83
731	100	83
732	101	82
733	101	82
734	102	81
735	102	80
736	102	79
737	103	79
738	103	79
739	104	78
740	105	77
741	105	76
742	105	76
743	105	75
744	105	75
745	106	74
746	107	74
747	107	73
748	108	73
749	108	73
750	109	73
751	109	72
752	109	71
753	110	71
754	111	71
755	110	71
756	111	71
757	112	71
758	113	69
759	113	69
760	114	69
761	114	69
762	113	69
763	115	69
764	115	69
765	115	68
766	116	68
767	116	68
768	116	68
769	118	68
770	117	68
771	118	67
772	118	67
773	118	67
774	119	67
775	120	67
776	120	67
777	121	67
778	120	67
779	121	67
780	121	67
781	122	66
782	122	66
783	122	67
784	123	67
785	123	66
786	124	66
787	124	66
788	124	67
789	124	66
790	124	66
791	125	67
792	125	67
793	125	66
794	125	66
795	125	65
796	125	66
797	126	65
798	126	66
799	126	66
800	126	66
801	127	65
802	127	66
803	127	65
804	127	66
805	128	66
806	128	66
807	128	66
808	129	66
809	129	65
810	129	65
811	129	65
812	129	66
813	129	65
814	129	65
815	129	66
816	129	66
817	129	65
818	130	66
819	130	66
820	130	65
821	130	65
822	131	66
823	130	66
824	130	66
825	130	65
826	130	66
827	131	66
828	131	65
829	131	66
830	131	66
831	131	66
832	131	66
833	131	65
834	131	66
835	131	65
836	131	65
837	132	65
838	132	66
839	132	65
840	131	66
841	132	65
842	132	66
843	132	66
844	132	65
845	132	65
846	132	65
847	132	65
848	132	65
849	132	65
850	132	65
851	132	66
852	132	66
853	132	66
854	132	65
855	133	65
856	133	66
857	133	65
858	132	66
859	133	66
860	133	65
861	133	66
862	133	66
863	132	65
864	132	65
865	133	65
866	133	66
867	133	65
868	133	65
869	133	66
870	133	66
871	133	65
872	133	66
873	133	65
874	133	66
875	133	66
876	133	65
877	133	65
878	133	65
879	133	66
880	133	65
881	133	65
882	133	65
883	133	65
884	133	65
885	134	65
886	133	66
887	133	66
888	133	65
889	133	66
890	133	65
891	133	65
892	133	65
893	133	65
894	133	66
895	134	65
896	133	65
897	133	65
898	134	65
899	133	66
900	134	66
901	133	65
902	133	66
903	134	66
904	133	65
905	133	65
906	134	65
907	133	65
908	133	66
909	133	65
910	134	65
911	133	66
912	134	65
913	134	65
914	133	65
915	134	66
916	134	65
917	133	65
918	134	65
919	135	66
920	134	66
921	134	66
922	134	66
923	134	66
924	134	66
925	134	66
926	135	66
927	134	66
928	134	66
929	135	66
930	135	66
931	134	66
932	134	66
933	134	66
934	134	66
935	135	67
936	135	67
937	135	66
938	135	66
939	135	67
940	134	66
941	135	67
942	136	67
943	135	67
944	135	67
945	136	68
946	135	67
947	135	67
948	136	68
949	136	67
950	136	69
951	137	69
952	137	69
953	137	69
954	137	69
955	137	70
956	137	69
957	137	70
958	137	69
959	137	70
960	137	71
961	138	71
962	138	71
963	138	72
964	138	73
965	138	72
966	139	73
967	139	73
968	139	74
969	139	74
970	140	75
971	141	76
972	141	76
973	141	76
974	142	77
975	142	77
976	142	78
977	143	79
978	143	80
979	143	81
980	144	81
981	144	83
982	145	82
983	145	83
984	146	85
985	146	86
986	147	86
987	147	87
988	148	88
989	148	90
990	149	90
991	149	91
992	150	93
993	150	94
994	152	95
995	152	96
996	153	97
997	153	99
998	154	100
999	155	101
1000	155	102
1001	155	104
1002	156	105
1003	157	106
1004	158	108
1005	158	110
1006	160	111
1007	161	113
1008	160	114
1009	161	115
1010	162	117
1011	163	119
1012	163	121
1013	164	122
1014	164	125
1015	166	126
1016	166	127
1017	166	129
1018	168	131
1019	168	133
1020	169	135
1021	169	136
1022	169	137
1023	170	140
1024	172	142
1025	172	144
1026	172	145
1027	172	147
1028	173	149
1029	173	151
1030	174	153
1031	174	154
1032	175	156
1033	175	158
1034	175	159
1035	175	159
1036	176	162
1037	176	163
1038	176	165
1039	175	167
1040	177	168
1041	177	170
1042	177	171
1043	177	173
1044	176	174
1045	177	175
1046	176	176
1047	175	177
1048	175	178
1049	175	179
1050	174	180
1051	174	181
1052	174	182
1053	173	183
1054	173	184
1055	172	185
1056	172	185
1057	171	186
1058	170	186
1059	170	187
1060	169	187
1061	168	187
1062	168	188
1063	166	187
1064	166	188
1065	164	188
1066	164	188
1067	162	188
1068	161	187
1069	160	187
1070	159	186
1071	157	186
1072	156	186
1073	155	186
1074	154	184
1075	153	185
1076	152	183
1077	151	183
1078	149	183
1079	148	180
1080	146	179
1081	145	179
1082	144	179
1083	142	176
1084	140	175
1085	139	174
1086	138	172
1087	137	171
1088	135	170
1089	133	169
1090	132	167
1091	131	166
1092	130	165
1093	128	163
1094	127	161
1095	126	159
1096	124	158
1097	123	156
1098	122	155
1099	121	153
1100	120	151
1101	118	149
1102	117	148
1103	116	146
1104	115	145
1105	115	143
1106	113	141
1107	112	139
1108	111	138
1109	110	136
1110	108	133
1111	108	131
1112	107	130
1113	106	128
1114	106	127
1115	105	125
1116	104	123
1117	104	122
1118	103	120
1119	103	118
1120	102	117
1121	102	115
1122	101	114
1123	101	112
1124	100	111
1125	100	109
1126	100	107
1127	100	107
1128	99	105
1129	99	103
1130	99	102
1131	99	101
1132	99	99
1133	99	98
1134	99	97
1135	99	96
1136	99	95
1137	99	94
1138	99	93
1139	99	92
1140	99	91
1141	99	89
1142	99	88
1143	100	87
1144	100	86
1145	100	86
1146	100	84
1147	100	84
1148	101	83
1149	101	82
1150	102	82
1151	102	81
1152	102	80
1153	102	79
1154	103	79
1155	103	78
1156	104	78
1157	105	77
1158	105	76
1159	105	76
1160	105	75
1161	106	75
1162	106	74
1163	106	74
1164	107	73
1165	107	73
1166	108	73
1167	108	73
1168	109	71
1169	109	71
1170	110	71
1171	110	70
1172	110	70
1173	111	70
1174	112	70
1175	113	70
1176	113	70
1177	114	70
1178	114	69
1179	114	69
1180	115	69
1181	115	68
1182	115	68
1183	116	68
1184	116	68
1185	117	68
1186	117	68
1187	118	68
1188	118	67
1189	118	67
1190	119	67
1191	119	67
1192	120	67
1193	121	67
1194	120	67
1195	121	67
1196	121	66
1197	121	67
1198	121	67
1199	122	66
1200	122	66
1201	123	66
1202	123	66
1203	124	67
1204	124	67
1205	124	66
1206	124	67
1207	125	66
1208	125	66
1209	125	66
1210	125	66
1211	125	66
1212	125	66
1213	125	66
1214	126	65
1215	126	65
1216	126	65
1217	127	65
1218	127	66
1219	127	65
1220	127	65
1221	128	66
1222	128	66
1223	128	66
1224	128	66
1225	128	66
1226	129	66
1227	129	66
1228	129	65
1229	129	66
1230	129	65
1231	129	66
1232	129	65
1233	129	65
1234	129	66
1235	130	66
1236	130	66
1237	130	66
1238	130	66
1239	130	65
1240	130	66
1241	131	66
1242	130	65
1243	131	66
1244	131	65
1245	131	65
1246	131	66
1247	131	66
1248	131	66
1249	131	65
1250	132	65
1251	132	65
1252	132	65
1253	132	66
1254	132	66
1255	131	65
1256	131	65
1257	132	66
1258	131	65
1259	132	65
1260	132	66
1261	132	65
1262	132	66
1263	132	66
1264	132	65
1265	132	66
1266	132	66
1267	132	65
1268	132	66
1269	132	65
1270	132	65
1271	132	65
1272	133	65
1273	132	66
1274	132	65
1275	133	65
1276	133	66
1277	132	65
1278	132	66
1279	133	65
1280	132	65
1281	133	65
1282	132	65
1283	133	65
1284	133	65
1285	133	65
1286	133	66
1287	133	65
1288	133	66
1289	134	65
1290	133	65
1291	133	66
1292	133	65
1293	132	65
1294	133	65
1295	133	65
1296	133	65
1297	133	65
1298	133	65
1299	133	65
1300	133	65
1301	134	65
1302	133	65
1303	133	65
1304	133	65
1305	133	65
1306	133	65
1307	133	65
1308	133	65
1309	133	65
1310	133	65
1311	133	65
1312	133	66
1313	133	66
1314	133	66
1315	134	65
1316	134	66
1317	133	65
1318	134	65
1319	133	65
1320	133	65
1321	133	65
1322	134	65
1323	134	65
1324	134	66
1325	134	66
1326	134	65
1327	133	66
1328	133	65
1329	134	66
1330	134	66
1331	134	65
1332	133	65
1333	134	65
1334	133	66
1335	134	66
1336	134	66
1337	134	66
1338	134	66
1339	134	66
1340	134	66
1341	134	66
1342	134	66
1343	135	66
1344	134	66
1345	134	66
1346	134	66
1347	134	66
1348	134	66
1349	134	66
1350	134	66
1351	135	66
1352	135	67
1353	135	67
1354	134	67
1355	135	67
1356	135	67
1357	135	67
1358	135	67
1359	135	67
1360	135	67
1361	136	67
1362	136	67
1363	135	68
1364	136	68
1365	136	68
1366	136	68
1367	136	68
1368	137	69
1369	137	68
1370	137	69
1371	137	70
1372	137	69
1373	137	69
1374	137	70
1375	137	70
1376	137	70
1377	137	71
1378	138	71
1379	138	71
1380	137	71
1381	138	72
1382	139	73
1383	138	73
1384	139	74
1385	139	73
1386	140	75
1387	140	75
1388	140	75
1389	140	75
1390	141	77
1391	141	77
1392	142	78
1393	142	79
1394	142	79
1395	143	79
1396	144	81
1397	144	82
1398	144	82
1399	145	83
1400	146	84
1401	145	85
1402	146	86
1403	147	87
1404	147	88
1405	148	89
1406	149	90
1407	149	91
1408	150	92
1409	150	93
1410	150	94
1411	152	95
1412	153	96
1413	153	97
1414	153	99
1415	154	99
1416	155	101
1417	155	103
1418	156	104
1419	156	105
1420	158	107
1421	157	109
1422	159	110
1423	159	112
1424	160	113
1425	161	115
1426	161	117
1427	162	118
1428	163	119
1429	163	121
1430	164	123
1431	165	124
1432	165	126
1433	165	127
1434	167	130
1435	168	131
1436	168	134
1437	168	135
1438	169	137
1439	170	138
1440	170	140
1441	171	142
1442	172	145
1443	172	146
1444	173	148
1445	172	149
1446	173	150
1447	174	153
1448	174	155
1449	174	157
1450	175	158
1451	175	160
1452	175	161
1453	175	163
1454	175	164
1455	176	166
1456	176	167
1457	177	170
1458	177	170
1459	176	171
1460	177	173
1461	177	174
1462	176	175
1463	175	176
1464	176	178
1465	175	179
1466	174	179
1467	174	181
1468	174	181
1469	173	182
1470	173	183
1471	172	184
1472	172	185
1473	172	185
1474	171	186
1475	169	186
1476	169	187
1477	169	187
1478	168	187
1479	167	188
1480	166	188
1481	164	187
1482	164	187
1483	164	188
1484	162	187
1485	161	187
1486	160	187
1487	158	187
1488	157	186
1489	156	186
1490	155	185
1491	153	184
1492	153	184
1493	152	183
1494	150	182
1495	148	181
1496	147	180
1497	146	179
1498	145	179
1499	143	178
1500	142	176
1501	140	175
1502	139	174
1503	137	173
1504	136	171
1505	134	169
1506	133	168
1507	132	167
1508	130	165
1509	129	164
1510	128	163
1511	127	161
1512	125	159
1513	123	157
1514	122	155
1515	121	155
1516	120	153
1517	119	150
1518	118	149
1519	116	147
1520	116	146
1521	115	143
1522	113	142
1523	113	141
1524	112	139
1525	110	137
1526	109	134
1527	108	133
1528	108	131
1529	107	130
1530	106	127
1531	105	126
1532	105	125
1533	105	123
1534	103	121
1535	103	119
1536	103	118
1537	102	117
1538	101	114
1539	101	113
1540	101	112
1541	100	110
1542	100	109
1543	100	107
1544	100	106
1545	99	104
1546	100	103
1547	99	102
1548	99	100
1549	99	99
1550	99	98
1551	99	97
1552	98	95
1553	99	94
1554	99	93
1555	99	92
1556	99	91
1557	100	90
1558	99	89
1559	100	88
1560	100	87
1561	100	86
1562	100	85
1563	100	84
1564	100	83
1565	101	82
1566	101	82
1567	102	82
1568	102	81
1569	102	80
1570	103	80
1571	103	78
1572	104	78
1573	104	77
1574	104	76
1575	105	76
1576	105	75
1577	105	75
1578	106	75
1579	106	74
1580	107	74
1581	108	73
1582	108	73
1583	108	72
1584	108	72
1585	109	72
1586	109	71
1587	111	71
1588	111	70
1589	111	70
1590	112	70
1591	112	70
1592	112	70
1593	113	70
1594	113	69
1595	114	69
1596	114	69
1597	115	69
1598	115	68
1599	116	68
1600	116	68
1601	117	67
1602	117	68
1603	118	68
1604	117	67
1605	118	67
1606	119	67
1607	119	67
1608	120	67
1609	120	67
1610	120	67
1611	121	67
1612	121	66
1613	121	67
1614	121	66
1615	122	67
1616	122	66
1617	122	66
1618	123	66
1619	124	66
1620	123	67
1621	124	66
1622	124	66
1623	124	66
1624	124	66
1625	124	66
1626	125	66
1627	125	65
1628	125	66
1629	125	66
1630	125	66
1631	126	65
1632	126	66
1633	126	66
1634	127	66
1635	127	65
1636	127	65
1637	127	66
1638	127	66
1639	127	66
1640	128	65
1641	128	66
1642	128	65
1643	129	65
1644	129	66
1645	129	65
1646	129	66
1647	129	66
1648	129	65
1649	129	65
1650	129	65
1651	130	66
1652	130	65
1653	130	66
1654	131	66
1655	130	65
1656	130	65
1657	130	66
1658	131	66
1659	131	66
1660	131	66
1661	131	65
1662	131	66
1663	130	65
1664	131	65
1665	131	66
1666	131	66
1667	131	65
1668	131	65
1669	132	66
1670	131	65
1671	132	66
1672	132	65
1673	132	66
1674	132	66
1675	132	66
1676	132	65
1677	132	65
1678	132	66
1679	132	66
1680	132	65
1681	132	65
1682	132	65
1683	132	65
1684	132	66
1685	132	66
1686	132	66
1687	132	66
1688	133	66
1689	132	65
1690	132	65
1691	132	65
1692	132	66
1693	132	65
1694	132	65
1695	133	65
1696	133	66
1697	132	65
1698	133	65
1699	133	65
1700	133	65
1701	133	65
1702	133	65
1703	133	65
1704	133	65
1705	133	66
1706	133	65
1707	133	65
1708	133	65
1709	133	65
1710	133	65
1711	133	65
1712	133	65
1713	133	66
1714	133	66
1715	133	65
1716	133	65
1717	133	66
1718	133	65
1719	133	65
1720	133	65
1721	133	65
1722	133	65
1723	133	65
1724	133	65
1725	133	65
1726	134	65
1727	134	65
1728	133	66
1729	134	65
1730	133	65
1731	134	66
1732	133	65
1733	133	66
1734	133	65
1735	133	66
1736	134	65
1737	133	65
1738	134	65
1739	133	65
1740	133	66
1741	133	65
1742	133	65
1743	133	65
1744	133	65
1745	134	65
1746	134	65
1747	134	65
1748	134	65
1749	134	65
1750	134	65
1751	134	66
1752	134	66
1753	135	66
1754	134	66
1755	135	66
1756	135	66
1757	134	66
1758	134	66
1759	134	66
1760	134	66
1761	134	66
1762	134	66
1763	134	66
1764	134	66
1765	135	66
1766	134	66
1767	134	66
1768	135	66
1769	135	67
1770	135	67
1771	135	66
1772	135	67
1773	135	67
1774	135	67
1775	135	67
1776	136	67
1777	135	67
1778	135	67
1779	135	67
1780	135	67
1781	136	68
1782	136	68
1783	136	68
1784	137	69
1785	137	69
1786	136	69
1787	136	69
1788	137	70
1789	137	69
1790	137	69
1791	137	71
1792	137	70
1793	137	70
1794	137	71
1795	137	71
1796	138	71
1797	138	71
1798	138	72
1799	139	73
1800	139	73
1801	139	74
1802	139	74
1803	140	75
1804	140	75
1805	141	76
1806	141	76
1807	142	77
1808	141	77
1809	142	78
1810	142	79
1811	143	79
1812	143	80
1813	144	81
1814	144	82
1815	145	83
1816	145	84
1817	145	84
1818	146	86
1819	147	86
1820	148	87
1821	148	87
1822	148	89
1823	149	90
1824	149	91
1825	150	93
1826	150	93
1827	151	95
1828	152	95
1829	153	97
1830	153	98
1831	154	99
1832	154	101
1833	155	102
1834	156	103
1835	155	104
1836	157	107
1837	158	108
1838	158	109
1839	158	110
1840	160	112
1841	160	114
1842	161	115
1843	161	117
1844	162	119
1845	163	120
1846	164	122
1847	164	123
1848	164	125
1849	166	127
1850	167	129
1851	167	131
1852	167	132
1853	168	134
1854	169	135
1855	169	137
1856	169	139
1857	170	140
1858	172	143
1859	172	145
1860	172	147
1861	172	148
1862	173	150
1863	174	152
1864	174	154
1865	174	155
1866	175	157
1867	175	159
1868	175	160
1869	175	161
1870	175	163
1871	176	165
1872	176	166
1873	176	168
1874	176	169
1875	176	171
1876	177	172
1877	177	173
1878	176	175
1879	176	175
1880	176	177
1881	176	178
1882	175	179
1883	175	179
1884	174	181
1885	174	182
1886	173	183
1887	173	183
1888	172	184
1889	172	185
1890	171	186
1891	171	186
1892	169	186
1893	169	187
1894	168	187
1895	168	188
1896	167	187
1897	166	188
1898	164	187
1899	163	187
1900	163	188
1901	161	187
1902	160	187
1903	159	186
1904	158	187
1905	157	186
1906	156	186
1907	154	185
1908	153	184
1909	153	184
1910	151	183
1911	149	182
1912	148	181
1913	146	180
1914	145	179
1915	144	178
1916	142	176
1917	141	175
1918	139	175
1919	138	173
1920	137	171
1921	136	171
1922	134	169
1923	132	168
1924	131	166
1925	130	164
1926	129	164
1927	127	162
1928	126	160
1929	124	158
1930	124	157
1931	123	155
1932	121	153
1933	120	151
1934	119	150
1935	118	149
1936	116	146
1937	115	145
1938	115	143
1939	113	142
1940	113	140
1941	111	138
1942	110	136
1943	109	134
1944	108	133
1945	107	130
1946	106	129
1947	106	127
1948	105	126
1949	105	124
1950	103	122
1951	103	120
1952	103	119
1953	103	118
1954	102	116
1955	101	114
1956	100	112
1957	101	111
1958	100	110
1959	100	107
1960	100	107
1961	99	105
1962	99	103
1963	99	102
1964	99	101
1965	99	100
1966	99	99
1967	99	97
1968	99	96
1969	99	95
1970	99	94
1971	99	93
1972	99	92
1973	100	91
1974	99	90
1975	99	89
1976	99	87
1977	100	87
1978	100	86
1979	100	85
1980	100	84
1981	100	83
1982	100	82
1983	102	82
1984	102	81
1985	102	80
1986	103	79
1987	103	79
1988	103	78
1989	104	78
1990	105	77
1991	104	76
1992	105	76
1993	105	75
1994	106	75
1995	106	74
1996	107	74
1997	107	73
1998	108	73
1999	108	73
2000	109	73
2001	109	72
2002	109	71
2003	110	71
2004	111	71
2005	111	71
2006	111	70
2007	112	70
2008	112	70
2009	113	70
2010	113	70
2011	113	69
2012	114	69
2013	114	69
2014	115	69
2015	115	68
2016	116	68
2017	116	68
2018	117	68
2019	117	68
2020	117	67
2021	118	67
2022	118	67
2023	119	67
2024	119	67
2025	120	67
2026	120	67
2027	120	67
2028	121	66
2029	121	66
2030	121	66
2031	121	67
2032	122	66
2033	122	67
2034	123	67
2035	123	67
2036	123	66
2037	124	66
2038	124	67
2039	124	66
2040	124	66
2041	125	67
2042	125	66
2043	125	66
2044	125	66
2045	125	66
2046	126	66
2047	126	66
2048	126	66
2049	126	66
2050	127	65
2051	126	65
2052	127	66
2053	127	66
2054	127	65
2055	128	65
2056	128	66
2057	128	66
2058	128	66
2059	128	66
2060	129	66
2061	129	65
2062	129	66
2063	129	66
2064	129	66
2065	130	66
2066	129	65
2067	129	65
2068	129	65
2069	130	65
2070	130	66
2071	130	65
2072	130	66
2073	130	66
2074	130	65
2075	131	66
2076	131	65
2077	131	66
2078	131	65
2079	131	65
2080	131	66
2081	131	65
2082	131	66
2083	131	65
2084	131	65
2085	131	65
2086	131	65
2087	131	65
2088	132	65
2089	131	65
2090	132	66
2091	132	65
2092	132	65
2093	132	65
2094	132	66
2095	132	65
2096	132	65
2097	132	66
2098	132	65
2099	133	65
2100	132	65
2101	132	66
2102	132	65
2103	132	65
2104	132	66
2105	133	65
2106	132	65
2107	132	65
2108	132	65
2109	132	65
2110	132	65
2111	132	66
2112	133	65
2113	132	66
2114	132	66
2115	133	66
2116	132	65
2117	133	65
2118	133	65
2119	133	65
2120	133	65
2121	133	65
2122	133	65
2123	133	66
2124	133	65
2125	133	65
2126	133	66
2127	133	65
2128	133	65
2129	133	65
2130	134	65
2131	133	65
2132	133	65
2133	133	65
2134	133	65
2135	133	65
2136	134	66
2137	133	66
2138	133	66
2139	133	66
2140	133	65
2141	134	65
2142	133	66
2143	134	65
2144	133	65
2145	133	65
2146	133	65
2147	133	65
2148	133	65
2149	133	65
2150	133	65
2151	134	65
2152	134	65
2153	133	65
2154	134	65
2155	134	65
2156	134	66
2157	133	65
2158	133	66
2159	134	66
2160	134	66
2161	134	66
2162	133	65
2163	134	65
2164	133	66
2165	133	65
2166	134	66
2167	133	65
2168	135	66
2169	134	66
2170	135	66
2171	134	66
2172	135	66
2173	134	65
2174	135	66
2175	135	66
2176	134	66
2177	134	66
2178	134	66
2179	134	66
2180	134	66
2181	134	66
2182	134	66
2183	134	66
2184	134	66
2185	135	67
2186	135	66
2187	134	67
2188	134	67
2189	135	67
2190	135	67
2191	135	66
2192	136	67
2193	135	68
2194	135	68
2195	135	67
2196	135	67
2197	135	67
2198	136	68
2199	136	68
2200	136	68
2201	137	69
2202	136	69
2203	136	68
2204	137	69
2205	137	69
2206	137	70
2207	137	70
2208	137	70
2209	137	71
2210	137	71
2211	137	71
2212	138	72
2213	138	71
2214	138	72
2215	139	72
2216	138	73
2217	140	73
2218	139	74
2219	140	74
2220	140	75
2221	140	75
2222	140	75
2223	141	76
2224	141	77
2225	142	78
2226	142	79
2227	142	79
2228	143	80
2229	143	80
2230	144	81
2231	145	82
2232	145	83
2233	145	84
2234	145	84
2235	146	86
2236	147	86
2237	147	87
2238	148	89
2239	149	90
2240	149	90
2241	149	91
2242	150	93
2243	151	93
2244	152	95
2245	152	96
2246	153	97
2247	153	99
2248	153	100
2249	154	102
2250	155	102
2251	156	104
2252	156	105
2253	157	107
2254	157	109
2255	158	110
2256	159	111
2257	160	113
2258	160	114
2259	161	115
2260	162	117
2261	162	119
2262	163	121
2263	164	122
2264	164	124
2265	165	126
2266	165	127
2267	166	129
2268	167	131
2269	168	133
2270	169	134
2271	169	136
2272	169	138
2273	170	140
2274	171	142
2275	171	143
2276	172	146
2277	172	147
2278	173	149
2279	173	151
2280	174	152
2281	174	154
2282	175	156
2283	175	158
2284	175	160
2285	175	160
2286	176	163
2287	176	164
2288	176	166
2289	176	167
2290	176	168
2291	177	170
2292	177	171
2293	176	173
2294	176	174
2295	177	175
2296	176	176
2297	175	177
2298	175	178
2299	175	179
2300	175	181
2301	174	181
2302	174	182
2303	173	183
2304	173	183
2305	172	185
2306	172	185
2307	171	186
2308	171	186
2309	169	187
2310	169	186
2311	169	187
2312	168	188
2313	166	187
2314	165	188
2315	164	188
2316	163	188
2317	162	187
2318	161	187
2319	160	187
2320	159	187
2321	158	186
2322	156	186
2323	156	185
2324	154	185
2325	153	184
2326	152	183
2327	150	183
2328	149	182
2329	148	181
2330	146	179
2331	145	179
2332	144	178
2333	142	177
2334	141	175
2335	139	174
2336	137	173
2337	137	171
2338	135	169
2339	134	168
2340	132	167
2341	131	165
2342	129	164
2343	128	163
2344	127	161
2345	125	159
2346	124	158
2347	123	156
2348	122	155
2349	121	153
2350	120	151
2351	118	150
2352	117	147
2353	116	146
2354	115	144
2355	113	143
2356	113	141
2357	112	139
2358	111	138
2359	110	135
2360	108	133
2361	108	132
2362	107	130
2363	106	128
2364	105	127
2365	105	125
2366	104	123
2367	104	122
2368	103	120
2369	103	118
2370	102	117
2371	102	115
2372	101	114
2373	100	112
2374	100	111
2375	100	109
2376	100	107
2377	100	107
2378	99	105
2379	99	103
2380	99	102
2381	99	101
2382	99	99
2383	99	98
2384	98	97
2385	99	96
2386	99	95
2387	99	94
2388	99	92
2389	99	91
2390	99	91
2391	99	89
2392	99	88
2393	100	87
2394	100	87
2395	100	85
2396	100	85
2397	100	83
2398	100	83
2399	101	82
2400	101	81
2401	102	81
2402	102	80
2403	102	79
2404	103	79
2405	103	77
2406	104	77
2407	105	77
2408	105	76
2409	105	75
2410	105	75
2411	106	75
2412	106	74
2413	106	74
2414	107	74
2415	107	73
2416	108	73
2417	109	71
2418	109	72
2419	109	71
2420	110	71
2421	110	71
2422	111	70
2423	112	70
2424	112	70
2425	113	70
2426	113	69
2427	113	70
2428	114	69
2429	114	69
2430	115	69
2431	114	68
2432	115	68
2433	116	68
2434	117	68
2435	117	68
2436	118	68
2437	117	67
2438	118	67
2439	118	67
2440	119	67
2441	119	67
2442	119	67
2443	120	67
2444	120	67
2445	121	66
2446	121	66
2447	121	66
2448	122	66
2449	122	66
2450	123	66
2451	123	66
2452	123	67
2453	123	66
2454	124	67
2455	124	66
2456	124	67
2457	124	66
2458	124	66
2459	125	66
2460	125	66
2461	125	66
2462	125	66
2463	125	66
2464	126	65
2465	126	65
2466	127	65
2467	127	66
2468	127	66
2469	127	65
2470	127	66
2471	127	65
2472	128	65
2473	128	65
2474	128	65
2475	129	65
2476	129	65
2477	129	65
2478	129	65
2479	129	66
2480	129	65
2481	129	65
2482	129	65
2483	129	65
2484	129	65
2485	130	66
2486	130	65
2487	130	66
2488	130	65
2489	130	65
2490	130	65
2491	131	66
2492	130	66
2493	131	66
2494	131	66
2495	131	66
2496	131	65
2497	131	66
2498	131	66
2499	131	65
2500	131	65
2501	131	65
2502	131	65
2503	132	66
2504	132	65
2505	132	66
2506	132	65
2507	132	65
2508	132	65
2509	131	65
2510	132	65
2511	132	65
2512	131	65
2513	132	65
2514	132	65
2515	132	66
2516	132	65
2517	132	66
2518	133	66
2519	132	65
2520	132	65
2521	132	65
2522	132	66
2523	133	66
2524	132	65
2525	132	66
2526	132	65
2527	133	65
2528	133	65
2529	133	65
2530	133	65
2531	133	66
2532	133	65
2533	133	65
2534	133	66
2535	133	65
2536	133	65
2537	133	65
2538	133	66
2539	133	65
2540	133	65
2541	133	65
2542	133	65
2543	133	66
2544	133	65
2545	133	65
2546	133	66
2547	133	66
2548	134	65
2549	133	65
2550	133	65
2551	133	65
2552	133	65
2553	133	66
2554	133	65
2555	133	65
2556	133	65
2557	133	65
2558	133	66
2559	133	66
2560	133	66
2561	134	65
2562	134	66
2563	134	65
2564	133	65
2565	133	65
2566	133	65
2567	133	65
2568	133	66
2569	133	66
2570	134	65
2571	133	65
2572	133	65
2573	133	65
2574	134	65
2575	133	65
2576	134	65
2577	134	66
2578	134	65
2579	134	65
2580	133	65
2581	133	65
2582	133	65
2583	134	66
2584	133	65
2585	135	66
2586	134	66
2587	134	67
2588	135	66
2589	134	66
2590	134	66
2591	134	66
2592	134	66
2593	134	66
2594	135	66
2595	134	66
2596	134	66
2597	135	66
2598	134	66
2599	134	66
2600	134	66
2601	135	67
2602	135	67
2603	135	67
2604	135	67
2605	135	67
2606	135	67
2607	135	67
2608	135	67
2609	135	67
2610	135	67
2611	136	67
2612	135	67
2613	136	67
2614	135	67
2615	136	68
2616	136	69
2617	136	68
2618	136	69
2619	136	69
2620	137	69
2621	137	69
2622	137	69
2623	137	69
2624	137	70
2625	137	70
2626	137	70
2627	137	71
2628	138	71
2629	138	71
2630	138	72
2631	138	72
2632	139	73
2633	139	73
2634	139	74
2635	140	74
2636	140	75
2637	140	75
2638	141	75
2639	140	75
2640	141	77
2641	141	77
2642	142	78
2643	142	79
2644	143	79
2645	143	80
2646	143	81
2647	144	81
2648	144	82
2649	145	83
2650	145	84
2651	146	85
2652	146	86
2653	147	87
2654	148	88
2655	148	89
2656	148	90
2657	149	91
2658	150	92
2659	151	93
2660	151	94
2661	151	95
2662	153	96
2663	153	98
2664	153	99
2665	153	100
2666	154	101
2667	156	103
2668	156	104
2669	156	105
2670	157	108
2671	158	109
2672	159	110
2673	160	111
2674	160	113
2675	161	115
2676	161	117
2677	162	118
2678	162	119
2679	163	121
2680	164	123
2681	165	125
2682	165	126
2683	166	127
2684	167	130
2685	168	131
2686	168	133
2687	169	135
2688	169	137
2689	170	138
2690	170	140
2691	171	142
2692	172	145
2693	172	146
2694	173	148
2695	173	149
2696	173	151
2697	175	153
2698	174	155
2699	175	157
2700	175	158
2701	175	159
2702	175	161
2703	175	162
2704	176	164
2705	176	166
2706	176	167
2707	177	169
2708	177	171
2709	176	171
2710	177	173
2711	176	175
2712	175	175
2713	175	176
2714	176	178
2715	175	179
2716	175	179
2717	174	180
2718	173	181
2719	174	182
2720	173	183
2721	172	183
2722	172	185
2723	171	185
2724	171	186
2725	170	186
2726	169	187
2727	168	187
2728	168	187
2729	167	188
2730	166	188
2731	165	188
2732	164	188
2733	163	188
2734	161	187
2735	161	187
2736	159	187
2737	159	187
2738	157	186
2739	156	185
2740	155	185
2741	153	184
2742	153	183
2743	151	183
2744	150	183
2745	148	181
2746	147	179
2747	146	179
2748	145	179
2749	143	178
2750	142	177
2751	140	174
2752	139	174
2753	137	172
2754	136	171
2755	133	169
2756	133	169
2757	132	167
2758	130	165
2759	129	164
2760	128	163
2761	127	161
2762	125	159
2763	124	157
2764	122	156
2765	122	154
2766	121	153
2767	119	151
2768	118	149
2769	117	147
2770	116	146
2771	115	144
2772	113	142
2773	113	140
2774	112	139
2775	111	136
2776	109	134
2777	108	133
2778	108	131
2779	107	130
2780	106	128
2781	105	126
2782	105	124
2783	104	123
2784	103	121
2785	103	120
2786	103	118
2787	103	116
2788	101	114
2789	100	113
2790	100	112
2791	100	111
2792	100	108
2793	100	107
2794	100	106
2795	99	104
2796	99	103
2797	99	101
2798	99	101
2799	99	99
2800	99	98
2801	99	97
2802	99	95
2803	99	95
2804	100	94
2805	99	92
2806	99	91
2807	100	90
2808	99	89
2809	100	87
2810	100	87
2811	100	86
2812	100	86
2813	100	85
2814	100	84
2815	101	83
2816	101	82
2817	102	82
2818	102	81
2819	102	79
2820	103	79
2821	103	78
2822	104	78
2823	104	77
2824	104	76
2825	105	76
2826	105	75
2827	106	75
2828	105	74
2829	107	74
2830	107	74
2831	108	73
2832	108	73
2833	109	73
2834	109	72
2835	110	71
2836	109	71
2837	110	71
2838	110	71
2839	111	70
2840	112	70
2841	112	69
2842	113	70
2843	113	69
2844	114	69
2845	114	69
2846	115	69
2847	115	69
2848	115	68
2849	115	68
2850	116	68
2851	117	68
2852	117	67
2853	118	68
2854	117	67
2855	118	67
2856	118	67
2857	119	67
2858	119	67
2859	120	67
2860	121	67
2861	120	67
2862	121	66
2863	121	67
2864	121	66
2865	122	67
2866	122	66
2867	123	66
2868	123	67
2869	123	66
2870	123	67
2871	124	67
2872	125	66
2873	124	66
2874	124	66
2875	125	66
2876	125	66
2877	125	65
2878	125	66
2879	125	65
2880	125	65
2881	126	66
2882	126	66
2883	127	65
2884	127	65
2885	127	66
2886	127	65
2887	127	66
2888	128	65
2889	128	66
2890	128	66
2891	129	66
2892	128	65
2893	129	65
2894	129	65
2895	129	66
2896	129	65
2897	129	66
2898	129	66
2899	129	66
2900	129	65
2901	129	66
2902	129	66
2903	130	65
2904	130	65
2905	130	65
2906	130	66
2907	130	65
2908	130	65
2909	131	65
2910	131	65
2911	131	66
2912	131	66
2913	131	65
2914	131	65
2915	131	66
2916	131	65
2917	131	66
2918	132	65
2919	131	66
2920	131	65
2921	132	66
2922	132	65
2923	132	65
2924	132	65
2925	132	65
2926	132	65
2927	132	65
2928	132	65
2929	132	65
2930	132	65
2931	132	66
2932	132	65
2933	132	65
2934	132	65
2935	132	66
2936	132	65
2937	132	66
2938	132	65
2939	132	65
2940	133	65
2941	133	65
2942	132	66
2943	133	66
2944	133	65
2945	133	65
2946	133	65
2947	133	65
2948	132	65
2949	133	66
2950	133	65
2951	133	66
2952	133	65
2953	132	65
2954	133	65
2955	133	65
2956	133	65
2957	133	65
2958	133	66
2959	133	65
2960	133	66
2961	133	65
2962	133	65
2963	133	65
2964	133	66
2965	134	65
2966	134	65
2967	133	66
2968	133	66
2969	133	65
2970	134	65
2971	133	65
2972	133	65
2973	133	66
2974	133	65
2975	133	65
2976	133	65
2977	133	65
2978	133	66
2979	134	65
2980	134	66
2981	134	65
2982	133	65
2983	133	65
2984	133	66
2985	133	66
2986	134	65
2987	133	66
2988	133	65
2989	133	65
2990	133	65
2991	133	65
2992	134	65
2993	133	65
2994	134	65
2995	134	65
2996	134	66
2997	134	65
2998	133	65
2999	133	66
3000	133	66
3001	134	65
3002	135	66
3003	135	66
3004	135	66
3005	135	66
3006	134	66
3007	135	66
3008	134	66
3009	134	66
3010	134	66
3011	134	66
3012	134	66
3013	134	66
3014	134	66
3015	135	66
3016	134	66
3017	134	66
3018	135	67
3019	135	67
3020	135	66
3021	135	67
3022	135	67
3023	135	66
3024	135	67
3025	136	67
3026	135	67
3027	135	67
3028	135	67
3029	135	67
3030	136	67
3031	136	69
3032	136	68
3033	136	68
3034	137	69
3035	137	69
3036	137	69
3037	136	68
3038	137	70
3039	137	69
3040	136	70
3041	137	71
3042	137	70
3043	137	71
3044	137	71
3045	138	71
3046	138	71
3047	138	72
3048	138	72
3049	139	73
3050	139	73
3051	139	73
3052	140	74
3053	140	75
3054	140	75
3055	141	75
3056	141	76
3057	142	77
3058	141	77
3059	141	78
3060	143	79
3061	143	80
3062	143	80
3063	143	80
3064	144	82
3065	145	83
3066	145	83
3067	145	84
3068	146	85
3069	146	86
3070	147	87
3071	147	88
3072	148	89
3073	149	90
3074	149	91
3075	150	93
3076	151	93
3077	151	95
3078	152	96
3079	153	97
3080	153	97
3081	154	99
3082	155	101
3083	155	102
3084	155	103
3085	156	104
3086	157	106
3087	158	109
3088	158	109
3089	159	111
3090	159	111
3091	160	114
3092	161	115
3093	161	116
3094	162	119
3095	163	121
3096	164	122
3097	164	123
3098	165	125
3099	166	127
3100	167	129
3101	167	131
3102	167	131
3103	168	134
3104	169	136
3105	169	138
3106	169	139
3107	170	141
3108	172	143
3109	172	145
3110	172	147
3111	172	148
3112	174	150
3113	173	152
3114	174	153
3115	174	155
3116	175	157
3117	175	159
3118	175	160
3119	175	161
3120	176	163
3121	176	165
3122	176	166
3123	176	167
3124	176	169
3125	177	171
3126	176	172
3127	176	173
3128	176	175
3129	176	176
3130	176	178
3131	176	178
3132	175	179
3133	175	180
3134	174	181
3135	174	182
3136	173	183
3137	172	183
3138	172	184
3139	172	185
3140	171	185
3141	170	187
3142	169	186
3143	169	187
3144	169	187
3145	168	187
3146	167	188
3147	166	188
3148	164	188
3149	164	188
3150	163	188
3151	161	187
3152	160	187
3153	159	187
3154	158	187
3155	157	186
3156	156	185
3157	154	185
3158	153	184
3159	153	184
3160	151	183
3161	150	182
3162	147	180
3163	147	180
3164	145	179
3165	144	178
3166	143	177
3167	141	175
3168	140	175
3169	138	173
3170	137	172
3171	136	170
3172	134	169
3173	133	168
3174	131	166
3175	129	165
3176	129	164
3177	127	162
3178	126	160
3179	125	158
3180	124	157
3181	122	155
3182	121	154
3183	119	151
3184	119	150
3185	118	149
3186	116	147
3187	115	145
3188	114	143
3189	113	142
3190	113	140
3191	111	138
3192	110	136
3193	109	134
3194	108	133
3195	107	130
3196	107	129
3197	106	127
3198	105	126
3199	105	123
3200	104	122
3201	103	120
3202	103	119
3203	103	118
3204	102	116
3205	101	114
3206	100	112
3207	101	112
3208	100	110
3209	99	107
3210	100	107
3211	100	105
3212	99	104
3213	99	102
3214	99	101
3215	99	99
3216	100	99
3217	99	97
3218	99	96
3219	99	95
3220	99	95
3221	99	93
3222	99	92
3223	100	91
3224	100	90
3225	99	89
3226	99	88
3227	99	86
3228	100	86
3229	100	85
3230	100	84
3231	100	83
3232	100	82
3233	102	82
3234	102	81
3235	102	80
3236	102	79
3237	103	79
3238	103	79
3239	104	77
3240	104	77
3241	104	76
3242	105	76
3243	105	75
3244	106	75
3245	106	74
3246	107	74
3247	107	74
3248	108	73
3249	108	73
3250	109	73
3251	109	71
3252	109	71
3253	110	71
3254	111	71
3255	111	71
3256	111	70
3257	112	70
3258	112	70
3259	113	69
3260	113	70
3261	114	69
3262	114	69
3263	115	68
3264	116	69
3265	115	69
3266	116	68
3267	116	68
3268	117	68
3269	116	67
3270	117	67
3271	118	67
3272	118	67
3273	119	67
3274	119	67
3275	120	67
3276	121	67
3277	121	67
3278	121	66
3279	121	66
3280	121	67
3281	122	67
3282	122	66
3283	123	66
3284	123	66
3285	123	66
3286	123	66
3287	124	66
3288	124	67
3289	124	66
3290	124	66
3291	125	66
3292	125	67
3293	125	67
3294	125	66
3295	125	66
3296	126	66
3297	126	66
3298	126	66
3299	126	65
3300	127	66
3301	127	66
3302	127	65
3303	127	65
3304	127	66
3305	128	66
3306	128	66
3307	128	66
3308	129	66
3309	129	66
3310	129	65
3311	129	65
3312	129	65
3313	129	66
3314	129	66
3315	129	66
3316	129	65
3317	130	65
3318	129	66
3319	129	66
3320	130	66
3321	130	66
3322	130	66
3323	131	66
3324	130	66
3325	131	66
3326	131	65
3327	131	65
3328	131	65
3329	131	66
3330	131	65
3331	131	65
3332	131	66
3333	131	65
3334	132	65
3335	131	65
3336	132	66
3337	132	65
3338	132	65
3339	131	65
3340	132	65
3341	132	66
3342	132	66
3343	132	65
3344	132	65
3345	132	65
3346	132	65
3347	132	65
3348	132	65
3349	133	65
3350	132	65
3351	132	65
3352	132	66
3353	132	65
3354	132	65
3355	133	66
3356	133	66
3357	132	66
3358	133	66
3359	132	66
3360	132	65
3361	132	65
3362	133	66
3363	132	66
3364	133	65
3365	133	66
3366	133	65
3367	133	65
3368	133	65
3369	133	66
3370	133	65
3371	133	65
3372	133	65
3373	133	65
3374	133	65
3375	133	65
3376	133	65
3377	133	66
3378	133	65
3379	133	65
3380	133	65
3381	133	65
3382	133	66
3383	133	65
3384	133	66
3385	134	66
3386	133	66
3387	133	65
3388	133	65
3389	133	65
3390	133	65
3391	133	66
3392	133	65
3393	133	65
3394	133	66
3395	133	66
3396	134	65
3397	134	65
3398	133	65
3399	133	65
3400	133	65
3401	133	66
3402	133	65
3403	133	65
3404	133	65
3405	133	65
3406	133	65
3407	133	66
3408	134	65
3409	134	65
3410	134	65
3411	134	66
3412	133	65
3413	134	65
3414	133	65
3415	133	65
3416	134	65
3417	134	65
3418	134	66
3419	135	66
3420	134	66
3421	135	66
3422	135	66
3423	134	66
3424	134	66
3425	135	66
3426	134	66
3427	135	66
3428	134	66
3429	134	66
3430	134	67
3431	135	66
3432	134	66
3433	134	66
3434	134	66
3435	135	67
3436	135	66
3437	134	67
3438	135	67
3439	135	67
3440	135	67
3441	135	67
3442	135	67
3443	135	67
3444	136	67
3445	135	68
3446	135	67
3447	135	67
3448	136	67
3449	136	68
3450	136	68
3451	136	69
3452	137	69
3453	137	69
3454	137	69
3455	137	69
3456	137	70
3457	137	69
3458	137	71
3459	137	70
3460	138	71
3461	138	71
3462	138	71
3463	138	71
3464	139	72
3465	139	72
3466	139	73
3467	139	73
3468	139	74
3469	140	74
3470	140	75
3471	141	75
3472	140	75
3473	141	77
3474	141	77
3475	141	78
3476	142	78
3477	143	79
3478	143	80
3479	143	80
3480	144	82
3481	144	82
3482	145	83
3483	145	84
3484	145	85
3485	146	85
3486	147	87
3487	147	87
3488	148	88
3489	148	90
3490	149	90
3491	149	91
3492	150	93
3493	151	94
3494	152	95
3495	152	96
3496	153	97
3497	153	99
3498	154	99
3499	155	101
3500	155	102
3501	156	103
3502	156	106
3503	157	107
3504	158	108
3505	158	110
3506	159	111
3507	160	113
3508	160	114
3509	161	115
3510	162	118
3511	162	119
3512	163	121
3513	164	122
3514	164	124
3515	165	126
3516	166	127
3517	167	129
3518	167	131
3519	168	133
3520	169	135
3521	169	136
3522	169	138
3523	170	139
3524	171	142
3525	172	143
3526	171	145
3527	172	147
3528	173	149
3529	173	151
3530	174	153
3531	174	155
3532	175	156
3533	175	158
3534	175	159
3535	175	160
3536	176	162
3537	175	163
3538	176	165
3539	176	166
3540	176	168
3541	177	170
3542	176	171
3543	176	172
3544	176	174
3545	177	175
3546	176	176
3547	176	177
3548	175	178
3549	175	179
3550	174	180
3551	174	181
3552	173	182
3553	173	183
3554	173	184
3555	172	185
3556	172	186
3557	171	185
3558	171	186
3559	170	187
3560	169	187
3561	168	187
3562	167	188
3563	166	187
3564	165	188
3565	164	187
3566	164	187
3567	162	187
3568	161	187
3569	161	187
3570	159	186
3571	157	186
3572	157	186
3573	155	185
3574	153	185
3575	153	184
3576	152	183
3577	150	183
3578	149	182
3579	148	181
3580	146	179
3581	145	179
3582	144	178
3583	142	176
3584	141	175
3585	139	174
3586	137	172
3587	137	172
3588	135	170
3589	133	169
3590	132	167
3591	131	166
3592	130	164
3593	129	163
3594	127	161
3595	126	159
3596	125	158
3597	123	156
3598	122	154
3599	121	153
3600	120	151
3601	118	150
3602	117	147
3603	116	146
3604	115	144
3605	114	143
3606	113	141
3607	112	139
3608	111	137
3609	110	135
3610	108	133
3611	108	131
3612	107	130
3613	107	129
3614	106	127
3615	105	124
3616	104	123
3617	104	122
3618	103	120
3619	103	119
3620	103	117
3621	101	115
3622	101	114
3623	101	112
3624	100	111
3625	100	109
3626	100	107
3627	100	107
3628	99	104
3629	99	103
3630	99	102
3631	100	101
3632	99	99
3633	99	98
3634	99	97
3635	99	96
3636	99	95
3637	99	94
3638	99	91
3639	99	91
3640	99	90
3641	99	89
3642	99	89
3643	100	87
3644	100	87
3645	100	86
3646	100	84
3647	100	84
3648	101	83
3649	101	82
3650	102	81
3651	101	81
3652	102	80
3653	103	79
3654	103	78
3655	103	78
3656	105	77
3657	105	77
3658	105	76
3659	105	75
3660	105	75
3661	106	75
3662	106	74
3663	107	74
3664	107	73
3665	108	73
3666	108	73
3667	109	72
3668	108	71
3669	109	71
3670	110	71
3671	111	71
3672	111	70
3673	111	70
3674	112	70
3675	113	70
3676	113	69
3677	113	69
3678	114	69
3679	114	69
3680	115	68
3681	115	69
3682	116	68
3683	116	68
3684	116	68
3685	117	68
3686	117	67
3687	118	67
3688	118	67
3689	119	67
3690	119	67
3691	120	67
3692	120	67
3693	121	67
3694	120	67
3695	120	66
3696	121	66
3697	121	66
3698	122	66
3699	122	67
3700	123	66
3701	123	67
3702	123	66
3703	124	66
3704	124	66
3705	124	66
3706	124	66
3707	124	66
3708	125	66
3709	125	66
3710	125	66
3711	125	66
3712	125	66
3713	125	65
3714	126	66
3715	126	66
3716	126	66
3717	127	66
3718	126	65
3719	127	65
3720	127	66
3721	128	66
3722	128	65
3723	128	66
3724	128	65
3725	128	65
3726	129	66
3727	129	65
3728	129	66
3729	129	65
3730	129	65
3731	129	65
3732	129	66
3733	129	65
3734	130	65
3735	130	65
3736	130	65
3737	130	66
3738	129	66
3739	130	66
3740	130	65
3741	130	65
3742	131	66
3743	131	65
3744	131	66
3745	131	66
3746	131	65
3747	131	66
3748	131	65
3749	131	66
3750	131	66
3751	131	66
3752	131	65
3753	131	65
3754	131	65
3755	132	66
3756	131	65
3757	132	65
3758	132	65
3759	132	66
3760	132	66
3761	132	66
3762	132	65
3763	132	66
3764	132	65
3765	132	65
3766	132	65
3767	132	65
3768	132	65
3769	132	65
3770	132	66
3771	133	65
3772	133	65
3773	132	66
3774	132	65
3775	132	65
3776	133	65
3777	132	65
3778	132	66
3779	133	65
3780	133	65
3781	133	65
3782	132	65
3783	132	65
3784	133	65
3785	133	65
3786	133	65
3787	133	65
3788	133	65
3789	133	65
3790	133	65
3791	134	65
3792	133	65
3793	133	65
3794	133	65
3795	133	66
3796	133	65
3797	133	65
3798	133	65
3799	133	65
3800	133	65
3801	133	65
3802	133	65
3803	133	65
3804	133	66
3805	134	65
3806	134	66
3807	133	65
3808	133	66
3809	133	65
3810	134	65
3811	133	65
3812	133	65
3813	133	65
3814	134	65
3815	133	65
3816	133	65
3817	133	65
3818	133	65
3819	133	65
3820	133	65
3821	133	65
3822	134	65
3823	133	65
3824	133	65
3825	133	65
3826	134	65
3827	133	66
3828	133	65
3829	133	66
3830	133	65
3831	133	65
3832	133	66
3833	133	65
3834	133	66
3835	134	66
3836	135	66
3837	134	66
3838	134	66
3839	134	66
3840	134	66
3841	134	66
3842	134	66
3843	134	66
3844	135	66
3845	134	66
3846	135	66
3847	134	66
3848	134	66
3849	134	66
3850	134	66
3851	134	66
3852	135	67
3853	135	67
3854	135	67
3855	135	67
3856	135	66
3857	135	67
3858	135	67
3859	135	67
3860	135	67
3861	135	68
3862	135	67
3863	135	67
3864	136	68
3865	136	68
3866	135	67
3867	136	68
3868	137	69
3869	136	69
3870	137	69
3871	137	69
3872	137	69
3873	137	69
3874	137	70
3875	137	70
3876	137	70
3877	137	71
3878	138	71
3879	137	71
3880	138	71
3881	138	72
3882	139	73
3883	139	73
3884	140	73
3885	139	74
3886	140	74
3887	140	75
3888	141	75
3889	140	76
3890	141	77
3891	142	77
3892	142	78
3893	142	79
3894	143	79
3895	143	80
3896	143	81
3897	144	82
3898	145	82
3899	145	83
3900	145	84
3901	146	85
3902	146	85
3903	147	87
3904	147	87
3905	148	89
3906	149	90
3907	149	91
3908	150	92
3909	151	93
3910	151	94
3911	151	95
3912	153	96
3913	153	98
3914	154	99
3915	154	100
3916	155	101
3917	155	103
3918	156	104
3919	156	105
3920	157	107
3921	158	109
3922	159	110
3923	160	112
3924	160	113
3925	161	115
3926	161	116
3927	162	118
3928	162	119
3929	163	122
3930	164	123
3931	164	125
3932	165	127
3933	165	128
3934	167	130
3935	167	132
3936	168	133
3937	169	135
3938	169	137
3939	170	138
3940	170	140
3941	171	143
3942	172	145
3943	172	146
3944	173	148
3945	173	149
3946	173	151
3947	174	154
3948	174	154
3949	175	157
3950	175	158
3951	175	159
3952	175	161
3953	176	162
3954	176	163
3955	176	166
3956	176	167
3957	176	169
3958	177	171
3959	176	171
3960	177	173
3961	177	174
3962	176	175
3963	175	177
3964	175	178
3965	175	179
3966	175	179
3967	174	180
3968	174	182
3969	174	183
3970	173	183
3971	173	183
3972	172	185
3973	172	185
3974	171	186
3975	171	186
3976	169	187
3977	168	187
3978	168	187
3979	167	187
3980	166	187
3981	165	188
3982	164	187
3983	163	187
3984	161	187
3985	160	187
3986	160	187
3987	159	186
3988	157	186
3989	156	186
3990	155	185
3991	153	184
3992	153	185
3993	152	183
3994	150	182
3995	148	181
3996	147	179
3997	145	179
3998	145	179
3999	143	178
4000	142	176
4001	140	175
4002	139	174
4003	137	172
4004	135	171
4005	134	169
4006	133	169
4007	132	167
4008	130	165
4009	129	164
4010	128	162
4011	127	161
4012	125	159
4013	124	157
4014	123	156
4015	122	154
4016	120	153
4017	119	151
4018	118	149
4019	117	147
4020	116	146
4021	114	144
4022	113	142
4023	113	140
4024	112	139
4025	110	136
4026	109	134
4027	108	133
4028	108	131
4029	107	129
4030	106	127
4031	105	126
4032	105	124
4033	105	123
4034	103	121
4035	103	119
4036	103	118
4037	102	117
4038	101	115
4039	101	113
4040	101	111
4041	100	111
4042	100	108
4043	99	107
4044	100	106
4045	99	104
4046	100	103
4047	99	101
4048	99	100
4049	99	99
4050	99	98
4051	99	97
4052	99	95
4053	99	95
4054	99	94
4055	99	92
4056	99	91
4057	100	90
4058	100	89
4059	99	88
4060	99	87
4061	100	86
4062	100	85
4063	100	84
4064	100	83
4065	100	82
4066	101	82
4067	102	81
4068	102	80
4069	102	79
4070	103	79
4071	103	79
4072	103	78
4073	105	77
4074	104	77
4075	105	76
4076	105	75
4077	105	74
4078	106	75
4079	107	74
4080	107	73
4081	108	74
4082	108	73
4083	109	73
4084	108	71
4085	109	72
4086	110	71
4087	110	71
4088	111	71
4089	111	70
4090	112	70
4091	112	69
4092	112	69
4093	113	69
4094	114	70
4095	114	69
