
TIME STEP:
125 = 20us

VOLTAGE STEP:
CH1:  32 = 0.3V
CH2:  32 = 0.3V
GND	138	132
N	CH1	CH2

0	154	189
1	154	190
2	154	190
3	154	190
4	154	190
5	155	190
6	155	190
7	155	190
8	155	190
9	155	190
10	155	189
11	155	190
12	155	190
13	156	190
14	155	190
15	155	190
16	156	190
17	155	190
18	156	190
19	156	190
20	156	190
21	156	189
22	156	190
23	156	190
24	156	190
25	156	190
26	156	190
27	157	189
28	157	190
29	156	190
30	157	190
31	156	190
32	157	190
33	157	190
34	158	190
35	157	190
36	158	190
37	158	190
38	158	190
39	158	190
40	158	190
41	158	190
42	158	190
43	159	190
44	158	190
45	158	190
46	159	190
47	159	190
48	159	190
49	159	190
50	159	190
51	159	190
52	159	190
53	159	190
54	159	190
55	159	190
56	160	190
57	160	190
58	160	190
59	160	190
60	160	190
61	160	190
62	160	190
63	160	190
64	160	190
65	161	190
66	161	190
67	160	190
68	161	190
69	161	190
70	161	190
71	161	190
72	161	190
73	161	190
74	161	190
75	162	190
76	161	190
77	162	190
78	162	190
79	161	183
80	161	117
81	161	90
82	161	91
83	161	90
84	161	90
85	160	89
86	160	89
87	160	89
88	160	89
89	160	89
90	159	90
91	159	89
92	159	89
93	158	89
94	158	89
95	158	89
96	158	89
97	158	89
98	157	89
99	157	89
100	157	90
101	156	89
102	156	89
103	156	89
104	156	89
105	156	89
106	156	90
107	155	89
108	155	89
109	155	89
110	155	89
111	155	89
112	154	89
113	154	89
114	154	89
115	154	89
116	154	89
117	153	89
118	153	89
119	153	89
120	153	89
121	153	89
122	153	89
123	153	89
124	152	89
125	152	89
126	152	88
127	151	89
128	151	89
129	151	89
130	151	88
131	150	89
132	151	89
133	150	89
134	150	89
135	150	89
136	150	88
137	149	89
138	149	89
139	149	89
140	149	88
141	149	88
142	148	88
143	148	88
144	148	88
145	147	88
146	147	88
147	148	88
148	148	88
149	147	89
150	147	88
151	147	89
152	147	88
153	147	88
154	146	88
155	147	88
156	145	88
157	145	88
158	145	88
159	145	88
160	145	88
161	145	88
162	145	88
163	144	88
164	145	87
165	144	88
166	144	88
167	144	88
168	144	88
169	143	88
170	143	88
171	143	88
172	142	88
173	143	88
174	142	88
175	142	88
176	142	88
177	142	88
178	142	88
179	141	88
180	142	88
181	141	87
182	141	87
183	141	87
184	141	88
185	141	87
186	140	88
187	140	88
188	140	88
189	140	87
190	140	87
191	140	88
192	139	88
193	139	88
194	139	87
195	139	87
196	139	87
197	138	87
198	138	88
199	138	87
200	138	88
201	138	87
202	138	87
203	137	87
204	137	88
205	137	87
206	137	87
207	137	87
208	137	87
209	137	87
210	137	87
211	137	87
212	137	87
213	136	87
214	136	87
215	136	88
216	136	87
217	135	87
218	135	87
219	135	87
220	135	87
221	135	87
222	135	87
223	134	87
224	135	87
225	134	87
226	134	87
227	134	87
228	134	87
229	133	87
230	133	87
231	133	87
232	133	87
233	133	87
234	133	87
235	133	87
236	132	87
237	132	87
238	132	87
239	132	87
240	132	87
241	132	87
242	132	87
243	132	87
244	131	87
245	131	87
246	131	87
247	131	87
248	131	87
249	131	87
250	130	87
251	131	87
252	130	87
253	130	87
254	130	87
255	130	87
256	130	87
257	129	87
258	130	87
259	129	87
260	129	87
261	129	87
262	129	87
263	129	87
264	129	87
265	129	87
266	129	87
267	129	87
268	128	87
269	129	87
270	128	87
271	127	87
272	127	87
273	128	87
274	127	87
275	127	87
276	127	87
277	127	87
278	127	87
279	127	87
280	126	87
281	126	87
282	126	87
283	127	87
284	126	87
285	125	87
286	126	87
287	125	87
288	126	87
289	125	87
290	125	87
291	125	87
292	125	87
293	125	87
294	125	87
295	125	87
296	125	87
297	124	87
298	124	87
299	124	87
300	124	87
301	124	86
302	124	87
303	124	86
304	124	87
305	123	87
306	124	87
307	123	87
308	123	87
309	123	87
310	123	87
311	123	87
312	123	87
313	123	87
314	122	87
315	123	87
316	123	87
317	122	87
318	122	87
319	122	86
320	121	87
321	121	87
322	121	87
323	122	87
324	122	87
325	121	87
326	121	87
327	121	87
328	121	87
329	121	87
330	121	87
331	121	87
332	121	87
333	121	87
334	121	87
335	120	87
336	120	86
337	120	87
338	120	87
339	120	87
340	120	87
341	120	86
342	119	87
343	119	87
344	119	86
345	119	87
346	119	87
347	119	87
348	119	87
349	119	87
350	119	87
351	119	87
352	119	87
353	118	87
354	118	87
355	118	86
356	118	87
357	118	86
358	118	87
359	117	87
360	117	87
361	117	86
362	117	87
363	118	87
364	117	87
365	117	86
366	117	86
367	117	87
368	117	86
369	116	86
370	117	86
371	117	87
372	117	87
373	116	87
374	116	87
375	116	86
376	116	86
377	116	87
378	116	87
379	116	87
380	116	86
381	116	86
382	116	86
383	116	87
384	116	86
385	115	87
386	115	87
387	115	86
388	115	87
389	115	87
390	115	86
391	115	87
392	115	120
393	115	179
394	115	187
395	116	186
396	115	187
397	116	187
398	116	187
399	116	187
400	117	187
401	117	187
402	117	187
403	117	187
404	117	187
405	118	187
406	118	187
407	118	187
408	118	187
409	119	187
410	119	187
411	120	187
412	119	187
413	120	187
414	120	187
415	120	187
416	121	187
417	121	187
418	121	187
419	121	187
420	121	187
421	121	187
422	121	187
423	122	187
424	122	187
425	123	187
426	122	188
427	123	188
428	123	188
429	123	187
430	123	187
431	124	187
432	124	187
433	124	187
434	124	187
435	124	188
436	125	188
437	124	187
438	125	187
439	125	188
440	125	188
441	125	188
442	125	188
443	126	187
444	126	188
445	127	188
446	127	188
447	127	188
448	127	187
449	127	188
450	128	188
451	127	188
452	128	188
453	128	188
454	128	188
455	128	187
456	128	187
457	129	188
458	129	188
459	129	188
460	129	188
461	129	188
462	130	188
463	129	188
464	130	188
465	130	188
466	130	189
467	131	188
468	131	188
469	131	188
470	131	188
471	131	189
472	131	188
473	131	188
474	131	188
475	132	188
476	132	188
477	132	189
478	132	189
479	132	189
480	133	188
481	133	188
482	133	188
483	133	189
484	134	189
485	134	189
486	134	189
487	134	189
488	134	188
489	134	189
490	134	189
491	136	189
492	135	189
493	135	189
494	136	189
495	136	189
496	135	189
497	136	189
498	136	189
499	136	188
500	137	189
501	137	189
502	137	189
503	137	189
504	137	189
505	137	189
506	137	188
507	138	188
508	137	189
509	137	189
510	138	189
511	138	189
512	138	189
513	138	189
514	138	188
515	139	189
516	139	189
517	139	189
518	139	189
519	139	189
520	140	189
521	140	189
522	140	189
523	141	189
524	140	189
525	140	189
526	141	189
527	141	189
528	141	189
529	141	189
530	141	189
531	141	189
532	142	189
533	142	189
534	142	189
535	142	189
536	142	189
537	142	189
538	142	189
539	143	189
540	143	189
541	143	188
542	143	189
543	143	189
544	143	189
545	143	189
546	144	189
547	144	189
548	145	189
549	144	189
550	145	189
551	145	189
552	145	189
553	145	189
554	145	189
555	145	189
556	145	189
557	145	189
558	145	189
559	145	189
560	145	189
561	145	189
562	146	189
563	146	189
564	147	189
565	146	189
566	147	189
567	147	189
568	147	189
569	147	189
570	147	189
571	148	190
572	148	189
573	148	189
574	148	189
575	148	188
576	148	189
577	148	189
578	148	189
579	148	189
580	149	190
581	148	189
582	148	189
583	149	189
584	149	190
585	148	189
586	149	189
587	149	189
588	149	189
589	149	190
590	150	190
591	149	189
592	149	189
593	150	189
594	150	189
595	150	189
596	151	190
597	151	189
598	150	189
599	151	189
600	151	189
601	151	189
602	151	189
603	151	189
604	151	189
605	151	189
606	152	189
607	152	189
608	152	189
609	152	189
610	152	189
611	153	190
612	153	189
613	153	189
614	153	189
615	153	190
616	153	190
617	153	190
618	153	189
619	153	190
620	153	190
621	153	190
622	153	189
623	154	189
624	154	189
625	154	190
626	154	190
627	154	189
628	154	190
629	154	190
630	154	190
631	154	190
632	154	189
633	155	190
634	155	189
635	155	190
636	155	189
637	155	189
638	155	189
639	155	190
640	155	189
641	155	189
642	156	189
643	155	189
644	156	190
645	156	190
646	156	190
647	156	189
648	156	189
649	156	190
650	156	190
651	157	190
652	156	190
653	156	189
654	157	190
655	157	190
656	157	190
657	157	190
658	157	190
659	157	190
660	158	190
661	157	189
662	158	190
663	158	190
664	158	190
665	158	190
666	158	190
667	158	190
668	158	190
669	158	190
670	158	190
671	158	190
672	159	189
673	159	190
674	159	190
675	159	190
676	159	190
677	159	190
678	159	189
679	159	190
680	159	190
681	159	190
682	160	190
683	160	190
684	160	190
685	160	190
686	160	190
687	160	190
688	160	190
689	161	190
690	160	190
691	161	190
692	161	190
693	161	190
694	161	190
695	161	190
696	161	190
697	161	190
698	161	190
699	161	190
700	161	190
701	161	190
702	161	190
703	161	190
704	161	183
705	162	117
706	161	89
707	161	90
708	161	90
709	161	89
710	160	89
711	160	89
712	160	89
713	160	89
714	160	90
715	159	89
716	159	89
717	159	89
718	158	90
719	158	89
720	158	89
721	158	89
722	157	89
723	157	89
724	157	89
725	157	89
726	157	89
727	156	89
728	156	89
729	156	89
730	156	89
731	156	89
732	155	89
733	156	89
734	155	89
735	155	89
736	155	89
737	154	89
738	155	89
739	154	89
740	154	89
741	153	88
742	153	89
743	153	89
744	153	89
745	153	89
746	153	89
747	153	89
748	152	89
749	152	89
750	152	88
751	152	89
752	151	88
753	151	88
754	151	89
755	151	89
756	151	89
757	150	89
758	150	89
759	150	88
760	150	89
761	150	89
762	149	88
763	149	89
764	149	88
765	149	88
766	148	89
767	148	88
768	148	88
769	148	88
770	147	88
771	148	88
772	148	88
773	147	88
774	147	88
775	147	88
776	147	89
777	146	88
778	146	88
779	147	88
780	146	88
781	146	87
782	145	88
783	145	88
784	145	88
785	145	88
786	145	88
787	145	88
788	145	88
789	145	88
790	144	87
791	144	88
792	144	88
793	144	88
794	144	88
795	143	87
796	143	88
797	143	88
798	143	87
799	142	87
800	142	87
801	142	88
802	142	87
803	142	88
804	142	88
805	142	87
806	141	87
807	141	88
808	141	87
809	141	87
810	141	88
811	141	88
812	140	87
813	140	87
814	140	87
815	139	87
816	140	87
817	139	87
818	139	87
819	139	87
820	139	87
821	139	87
822	139	87
823	138	87
824	138	88
825	138	87
826	138	87
827	138	88
828	137	88
829	137	88
830	137	87
831	137	87
832	137	87
833	137	87
834	137	87
835	136	87
836	137	87
837	136	87
838	136	87
839	136	87
840	136	87
841	135	88
842	135	87
843	135	87
844	135	87
845	135	87
846	135	87
847	135	87
848	134	87
849	134	87
850	134	87
851	134	87
852	134	87
853	134	87
854	134	87
855	133	87
856	133	87
857	133	87
858	133	87
859	133	87
860	132	87
861	132	87
862	132	87
863	132	87
864	132	87
865	132	87
866	132	87
867	132	87
868	132	87
869	131	87
870	131	87
871	131	87
872	131	87
873	131	87
874	131	87
875	131	87
876	130	87
877	130	87
878	130	87
879	130	87
880	130	87
881	130	87
882	130	87
883	129	87
884	129	87
885	129	87
886	129	87
887	129	87
888	129	87
889	129	87
890	129	87
891	129	87
892	128	87
893	128	87
894	129	87
895	128	87
896	128	87
897	128	87
898	128	87
899	128	87
900	128	87
901	127	87
902	127	87
903	127	87
904	127	87
905	127	87
906	126	87
907	126	87
908	126	87
909	126	87
910	126	87
911	125	87
912	126	87
913	126	87
914	126	87
915	125	87
916	126	87
917	125	87
918	125	86
919	125	87
920	125	87
921	125	87
922	124	87
923	124	87
924	124	87
925	124	87
926	124	87
927	124	87
928	124	87
929	124	87
930	124	87
931	124	87
932	124	87
933	123	87
934	123	87
935	123	87
936	123	87
937	123	87
938	122	87
939	123	87
940	122	87
941	122	87
942	122	87
943	122	87
944	121	87
945	122	87
946	122	87
947	122	87
948	121	87
949	121	87
950	121	87
951	121	87
952	121	86
953	121	87
954	121	87
955	121	87
956	121	87
957	120	87
958	121	87
959	120	86
960	120	87
961	120	87
962	120	86
963	120	86
964	120	87
965	119	87
966	119	87
967	120	87
968	119	87
969	119	87
970	119	87
971	119	87
972	119	87
973	119	86
974	119	87
975	119	87
976	119	86
977	118	87
978	118	86
979	118	86
980	119	87
981	118	87
982	118	87
983	118	86
984	118	86
985	118	87
986	117	86
987	118	87
988	117	87
989	117	86
990	117	87
991	117	87
992	117	87
993	116	87
994	117	86
995	116	87
996	117	87
997	116	87
998	116	86
999	116	87
1000	116	87
1001	116	87
1002	116	87
1003	116	87
1004	116	86
1005	116	86
1006	115	87
1007	116	86
1008	115	87
1009	116	87
1010	115	87
1011	115	86
1012	116	87
1013	115	86
1014	115	87
1015	115	87
1016	115	86
1017	115	120
1018	115	179
1019	115	187
1020	115	186
1021	116	187
1022	116	187
1023	116	187
1024	116	187
1025	116	187
1026	117	187
1027	117	187
1028	117	187
1029	117	187
1030	118	187
1031	118	187
1032	118	187
1033	119	187
1034	118	187
1035	119	187
1036	120	187
1037	119	187
1038	120	187
1039	120	187
1040	120	187
1041	120	187
1042	121	187
1043	121	187
1044	121	187
1045	121	187
1046	121	187
1047	121	187
1048	122	187
1049	122	187
1050	122	187
1051	123	187
1052	122	187
1053	123	187
1054	123	188
1055	123	187
1056	123	187
1057	124	187
1058	124	187
1059	124	187
1060	124	187
1061	125	188
1062	125	187
1063	125	188
1064	125	188
1065	125	188
1066	125	188
1067	126	188
1068	126	187
1069	126	188
1070	126	188
1071	127	188
1072	127	187
1073	127	187
1074	127	188
1075	127	187
1076	128	188
1077	128	188
1078	128	188
1079	128	188
1080	128	188
1081	129	188
1082	129	188
1083	129	188
1084	129	188
1085	129	188
1086	129	188
1087	129	189
1088	130	188
1089	130	187
1090	130	188
1091	130	188
1092	131	189
1093	131	189
1094	131	188
1095	131	189
1096	131	188
1097	131	188
1098	132	189
1099	132	189
1100	132	189
1101	132	188
1102	132	188
1103	132	188
1104	132	189
1105	133	189
1106	133	188
1107	133	188
1108	134	189
1109	134	189
1110	133	188
1111	134	188
1112	134	188
1113	135	189
1114	135	189
1115	135	189
1116	135	189
1117	135	188
1118	135	189
1119	135	188
1120	136	189
1121	136	189
1122	136	189
1123	136	188
1124	137	189
1125	136	188
1126	137	189
1127	137	189
1128	137	189
1129	137	189
1130	137	189
1131	137	189
1132	137	190
1133	138	189
1134	137	189
1135	138	189
1136	138	189
1137	138	189
1138	138	189
1139	139	189
1140	139	189
1141	139	189
1142	139	189
1143	139	189
1144	139	189
1145	140	189
1146	140	189
1147	140	189
1148	140	189
1149	140	189
1150	140	189
1151	141	189
1152	141	189
1153	141	189
1154	141	188
1155	142	189
1156	141	189
1157	141	189
1158	141	189
1159	142	189
1160	142	189
1161	142	189
1162	142	189
1163	143	189
1164	143	189
1165	143	189
1166	143	189
1167	143	189
1168	143	189
1169	143	189
1170	144	189
1171	144	189
1172	145	189
1173	144	189
1174	144	189
1175	144	189
1176	144	189
1177	145	189
1178	145	189
1179	145	189
1180	145	189
1181	145	189
1182	145	189
1183	145	189
1184	145	189
1185	146	189
1186	146	189
1187	146	189
1188	147	190
1189	146	189
1190	147	189
1191	147	190
1192	146	189
1193	147	189
1194	147	189
1195	148	189
1196	147	189
1197	147	189
1198	147	189
1199	147	189
1200	148	189
1201	148	189
1202	148	189
1203	148	189
1204	148	190
1205	148	189
1206	148	189
1207	148	189
1208	149	189
1209	148	189
1210	149	189
1211	149	190
1212	149	189
1213	149	189
1214	149	189
1215	150	189
1216	149	190
1217	150	189
1218	150	189
1219	150	189
1220	151	190
1221	150	190
1222	150	190
1223	151	190
1224	151	189
1225	151	190
1226	151	189
1227	151	190
1228	151	189
1229	151	190
1230	152	190
1231	152	189
1232	151	189
1233	152	190
1234	152	190
1235	152	189
1236	152	189
1237	153	190
1238	153	190
1239	153	189
1240	153	189
1241	153	190
1242	153	189
1243	153	189
1244	153	190
1245	153	189
1246	153	190
1247	153	190
1248	153	189
1249	154	190
1250	154	190
1251	153	189
1252	154	190
1253	154	190
1254	154	189
1255	154	190
1256	154	190
1257	154	190
1258	155	190
1259	155	190
1260	155	189
1261	155	190
1262	155	189
1263	155	189
1264	155	190
1265	155	189
1266	156	190
1267	155	190
1268	156	190
1269	156	190
1270	156	190
1271	156	190
1272	156	189
1273	156	190
1274	156	189
1275	156	190
1276	156	190
1277	157	190
1278	157	189
1279	157	190
1280	157	190
1281	157	189
1282	157	190
1283	157	190
1284	158	190
1285	157	190
1286	158	190
1287	158	190
1288	158	190
1289	158	190
1290	158	190
1291	158	190
1292	158	190
1293	159	190
1294	158	190
1295	158	189
1296	159	190
1297	159	190
1298	159	190
1299	159	190
1300	159	190
1301	159	190
1302	159	189
1303	159	190
1304	159	189
1305	159	190
1306	160	190
1307	160	190
1308	159	189
1309	160	190
1310	160	190
1311	160	190
1312	160	190
1313	160	190
1314	160	190
1315	160	190
1316	161	190
1317	161	190
1318	161	190
1319	161	190
1320	161	190
1321	161	190
1322	161	190
1323	161	190
1324	161	190
1325	161	190
1326	161	190
1327	161	190
1328	161	190
1329	161	183
1330	161	117
1331	161	90
1332	161	91
1333	161	90
1334	161	89
1335	160	89
1336	160	90
1337	159	89
1338	159	89
1339	160	90
1340	159	89
1341	159	89
1342	158	89
1343	158	89
1344	158	89
1345	158	89
1346	158	89
1347	158	89
1348	157	89
1349	157	89
1350	157	89
1351	156	89
1352	156	89
1353	156	89
1354	156	89
1355	156	89
1356	156	89
1357	156	89
1358	155	89
1359	155	89
1360	155	89
1361	155	89
1362	154	89
1363	154	89
1364	154	89
1365	154	89
1366	153	89
1367	153	89
1368	153	89
1369	153	89
1370	153	89
1371	153	89
1372	153	89
1373	153	89
1374	152	88
1375	152	89
1376	151	89
1377	151	89
1378	151	89
1379	151	89
1380	151	89
1381	151	89
1382	150	89
1383	150	89
1384	150	89
1385	150	88
1386	150	89
1387	149	89
1388	149	88
1389	149	89
1390	149	88
1391	148	89
1392	148	88
1393	148	88
1394	148	89
1395	148	88
1396	148	88
1397	148	87
1398	147	88
1399	147	88
1400	147	89
1401	147	88
1402	147	88
1403	147	88
1404	146	88
1405	146	88
1406	146	88
1407	145	88
1408	146	88
1409	145	87
1410	145	88
1411	145	87
1412	145	88
1413	145	87
1414	145	88
1415	144	87
1416	144	88
1417	144	88
1418	144	88
1419	144	88
1420	143	88
1421	143	87
1422	143	88
1423	143	88
1424	142	88
1425	143	88
1426	142	87
1427	142	87
1428	142	88
1429	142	88
1430	142	88
1431	141	88
1432	141	87
1433	141	88
1434	141	87
1435	141	88
1436	140	88
1437	140	88
1438	140	87
1439	140	87
1440	139	87
1441	140	87
1442	139	88
1443	139	87
1444	139	87
1445	139	87
1446	139	87
1447	139	87
1448	138	88
1449	138	87
1450	137	88
1451	138	87
1452	137	87
1453	137	87
1454	137	87
1455	137	87
1456	137	87
1457	137	88
1458	137	87
1459	137	87
1460	137	87
1461	137	87
1462	137	87
1463	136	87
1464	136	87
1465	136	87
1466	135	87
1467	136	87
1468	135	87
1469	135	87
1470	135	87
1471	135	87
1472	134	87
1473	134	87
1474	135	87
1475	134	87
1476	135	87
1477	133	87
1478	133	87
1479	133	87
1480	133	87
1481	133	87
1482	133	87
1483	133	87
1484	132	87
1485	133	87
1486	132	87
1487	132	87
1488	132	87
1489	132	87
1490	132	87
1491	132	87
1492	132	87
1493	131	87
1494	132	87
1495	131	87
1496	131	87
1497	131	87
1498	131	87
1499	131	87
1500	131	87
1501	131	87
1502	130	87
1503	130	87
1504	130	87
1505	130	87
1506	130	87
1507	129	87
1508	130	87
1509	129	87
1510	129	87
1511	129	87
1512	129	87
1513	129	87
1514	129	87
1515	129	87
1516	129	87
1517	129	87
1518	128	87
1519	128	87
1520	128	87
1521	127	87
1522	128	87
1523	127	87
1524	127	87
1525	127	87
1526	127	87
1527	127	87
1528	127	87
1529	126	87
1530	127	87
1531	127	87
1532	126	87
1533	126	87
1534	126	86
1535	126	87
1536	126	87
1537	126	87
1538	126	87
1539	126	87
1540	126	87
1541	125	87
1542	125	87
1543	125	87
1544	125	87
1545	124	87
1546	125	87
1547	125	87
1548	124	87
1549	124	87
1550	124	87
1551	124	87
1552	124	87
1553	124	87
1554	124	87
1555	124	87
1556	124	87
1557	124	87
1558	124	87
1559	123	87
1560	123	87
1561	123	87
1562	123	87
1563	123	87
1564	123	87
1565	122	87
1566	123	87
1567	122	87
1568	122	87
1569	122	87
1570	122	87
1571	121	87
1572	122	87
1573	121	87
1574	121	87
1575	121	87
1576	121	87
1577	121	87
1578	121	87
1579	121	87
1580	121	87
1581	121	87
1582	120	87
1583	121	87
1584	121	87
1585	120	87
1586	120	86
1587	120	87
1588	120	87
1589	120	87
1590	120	87
1591	119	87
1592	120	87
1593	120	87
1594	120	87
1595	120	87
1596	119	87
1597	119	87
1598	119	86
1599	119	86
1600	119	87
1601	118	87
1602	119	87
1603	118	86
1604	119	86
1605	118	87
1606	117	87
1607	118	87
1608	118	87
1609	118	87
1610	117	87
1611	118	87
1612	118	86
1613	117	87
1614	117	86
1615	117	87
1616	117	87
1617	117	87
1618	116	87
1619	117	86
1620	117	86
1621	116	87
1622	116	86
1623	116	87
1624	116	86
1625	116	87
1626	116	86
1627	116	87
1628	116	87
1629	116	87
1630	116	86
1631	116	86
1632	116	86
1633	116	87
1634	115	86
1635	116	87
1636	116	87
1637	115	86
1638	115	86
1639	115	87
1640	115	87
1641	114	86
1642	115	121
1643	115	179
1644	115	187
1645	116	186
1646	116	187
1647	116	187
1648	116	187
1649	116	187
1650	117	187
1651	117	187
1652	117	187
1653	117	187
1654	117	187
1655	118	187
1656	118	187
1657	118	187
1658	118	187
1659	119	187
1660	119	187
1661	119	187
1662	119	187
1663	120	187
1664	120	187
1665	120	187
1666	121	187
1667	121	187
1668	121	188
1669	121	187
1670	121	187
1671	121	187
1672	122	187
1673	122	187
1674	122	187
1675	123	187
1676	122	187
1677	122	188
1678	123	187
1679	123	188
1680	123	188
1681	123	187
1682	124	187
1683	124	188
1684	124	188
1685	124	187
1686	124	188
1687	124	188
1688	124	188
1689	125	187
1690	125	187
1691	126	187
1692	125	188
1693	126	188
1694	126	187
1695	126	187
1696	126	187
1697	127	188
1698	127	188
1699	127	188
1700	128	188
1701	127	188
1702	128	188
1703	128	188
1704	128	188
1705	128	188
1706	129	188
1707	129	188
1708	129	188
1709	129	187
1710	129	188
1711	129	188
1712	130	188
1713	130	188
1714	130	188
1715	130	188
1716	131	189
1717	130	188
1718	131	188
1719	131	188
1720	131	188
1721	131	189
1722	131	188
1723	132	188
1724	132	188
1725	132	189
1726	132	188
1727	132	189
1728	132	188
1729	132	189
1730	133	188
1731	133	189
1732	133	189
1733	133	188
1734	133	189
1735	134	189
1736	134	189
1737	134	189
1738	134	189
1739	135	189
1740	135	188
1741	135	189
1742	135	189
1743	135	188
1744	136	189
1745	135	189
1746	136	189
1747	136	189
1748	137	189
1749	136	189
1750	137	189
1751	137	189
1752	137	189
1753	137	189
1754	137	188
1755	137	189
1756	137	189
1757	137	188
1758	138	189
1759	137	189
1760	138	189
1761	138	189
1762	138	189
1763	139	189
1764	139	189
1765	138	189
1766	139	189
1767	140	189
1768	139	189
1769	139	189
1770	140	189
1771	140	189
1772	140	189
1773	140	189
1774	140	189
1775	140	189
1776	140	189
1777	141	189
1778	141	189
1779	141	189
1780	142	189
1781	142	189
1782	142	189
1783	142	189
1784	142	189
1785	142	189
1786	142	189
1787	143	189
1788	142	189
1789	143	189
1790	143	189
1791	143	189
1792	143	189
1793	143	189
1794	143	189
1795	144	189
1796	144	189
1797	144	189
1798	144	189
1799	144	189
1800	145	190
1801	145	189
1802	145	189
1803	145	189
1804	145	189
1805	145	189
1806	145	189
1807	145	189
1808	145	188
1809	145	189
1810	145	190
1811	146	189
1812	146	190
1813	146	189
1814	146	189
1815	146	189
1816	147	189
1817	147	189
1818	147	189
1819	148	189
1820	147	189
1821	147	189
1822	148	190
1823	147	189
1824	148	189
1825	148	189
1826	148	189
1827	148	190
1828	148	190
1829	148	190
1830	148	189
1831	148	189
1832	148	190
1833	149	190
1834	149	189
1835	149	189
1836	149	189
1837	149	189
1838	149	190
1839	150	189
1840	150	190
1841	150	189
1842	150	189
1843	150	189
1844	151	190
1845	150	189
1846	150	190
1847	150	189
1848	151	190
1849	151	190
1850	151	190
1851	152	190
1852	151	190
1853	151	190
1854	151	189
1855	151	190
1856	152	189
1857	152	189
1858	152	189
1859	152	190
1860	153	189
1861	152	190
1862	152	189
1863	153	189
1864	152	190
1865	153	190
1866	153	190
1867	153	190
1868	153	189
1869	153	190
1870	153	190
1871	153	190
1872	153	190
1873	153	190
1874	154	190
1875	153	190
1876	154	189
1877	154	189
1878	154	190
1879	154	189
1880	154	190
1881	155	189
1882	154	190
1883	155	190
1884	155	189
1885	154	189
1886	155	190
1887	155	190
1888	155	190
1889	155	190
1890	155	189
1891	156	190
1892	156	189
1893	156	190
1894	156	189
1895	156	190
1896	156	190
1897	156	190
1898	156	190
1899	156	190
1900	156	190
1901	156	190
1902	156	190
1903	157	190
1904	157	190
1905	157	190
1906	157	190
1907	157	190
1908	157	190
1909	157	190
1910	157	190
1911	158	189
1912	158	190
1913	158	190
1914	158	190
1915	158	190
1916	158	190
1917	158	190
1918	158	190
1919	158	190
1920	159	190
1921	159	190
1922	159	190
1923	159	190
1924	159	190
1925	159	190
1926	159	190
1927	159	190
1928	159	190
1929	159	189
1930	160	190
1931	160	190
1932	160	190
1933	160	190
1934	160	190
1935	160	190
1936	160	190
1937	160	190
1938	160	190
1939	160	190
1940	161	190
1941	161	190
1942	160	190
1943	161	190
1944	161	190
1945	161	189
1946	161	190
1947	161	190
1948	161	190
1949	161	190
1950	161	190
1951	161	190
1952	161	190
1953	161	190
1954	161	184
1955	161	117
1956	161	90
1957	161	90
1958	161	90
1959	161	89
1960	161	89
1961	160	89
1962	160	90
1963	160	89
1964	160	89
1965	160	90
1966	159	89
1967	159	89
1968	158	89
1969	158	89
1970	158	89
1971	158	89
1972	158	90
1973	157	89
1974	157	89
1975	157	89
1976	156	89
1977	156	89
1978	156	89
1979	156	89
1980	156	89
1981	155	89
1982	155	89
1983	155	89
1984	155	89
1985	155	89
1986	155	89
1987	154	89
1988	154	89
1989	154	89
1990	154	89
1991	154	89
1992	153	89
1993	153	89
1994	153	89
1995	153	89
1996	153	89
1997	153	88
1998	152	89
1999	152	89
2000	152	89
2001	152	88
2002	151	88
2003	151	88
2004	151	89
2005	151	89
2006	150	89
2007	150	88
2008	150	89
2009	150	89
2010	150	88
2011	150	88
2012	149	88
2013	149	88
2014	149	89
2015	149	88
2016	149	88
2017	148	88
2018	148	88
2019	148	88
2020	148	88
2021	148	89
2022	147	88
2023	147	89
2024	147	89
2025	147	88
2026	147	88
2027	147	89
2028	146	88
2029	146	88
2030	146	88
2031	146	88
2032	145	88
2033	145	88
2034	145	88
2035	145	88
2036	145	88
2037	145	88
2038	145	88
2039	145	88
2040	144	88
2041	145	88
2042	144	87
2043	144	88
2044	143	87
2045	143	87
2046	144	87
2047	143	88
2048	143	87
2049	143	87
2050	142	88
2051	142	88
2052	142	88
2053	142	88
2054	142	88
2055	142	88
2056	142	88
2057	141	88
2058	141	88
2059	141	87
2060	141	87
2061	141	88
2062	140	87
2063	140	88
2064	140	88
2065	140	87
2066	139	87
2067	140	88
2068	140	88
2069	139	87
2070	139	87
2071	139	88
2072	138	87
2073	138	87
2074	138	87
2075	138	87
2076	138	87
2077	138	87
2078	138	87
2079	137	87
2080	137	87
2081	137	87
2082	137	87
2083	137	87
2084	137	87
2085	137	87
2086	136	87
2087	136	87
2088	136	88
2089	136	87
2090	135	87
2091	136	88
2092	136	87
2093	135	87
2094	135	87
2095	135	87
2096	135	87
2097	135	87
2098	135	87
2099	135	87
2100	135	87
2101	134	87
2102	133	87
2103	133	87
2104	133	87
2105	133	87
2106	133	87
2107	133	87
2108	133	87
2109	133	87
2110	133	87
2111	133	87
2112	132	87
2113	132	87
2114	132	87
2115	132	87
2116	132	87
2117	132	87
2118	131	87
2119	131	87
2120	132	87
2121	131	87
2122	131	87
2123	131	87
2124	131	87
2125	131	87
2126	130	87
2127	130	87
2128	130	87
2129	130	87
2130	130	87
2131	130	87
2132	129	87
2133	129	87
2134	129	87
2135	129	87
2136	129	87
2137	129	87
2138	129	87
2139	129	87
2140	129	87
2141	128	87
2142	128	87
2143	128	87
2144	128	87
2145	128	87
2146	128	87
2147	128	87
2148	128	87
2149	127	87
2150	127	87
2151	127	87
2152	127	87
2153	127	87
2154	127	87
2155	127	87
2156	127	87
2157	127	87
2158	126	87
2159	126	87
2160	126	87
2161	126	87
2162	126	87
2163	125	87
2164	126	87
2165	125	87
2166	125	87
2167	125	87
2168	125	87
2169	125	87
2170	125	87
2171	125	87
2172	125	87
2173	124	87
2174	124	87
2175	124	87
2176	124	87
2177	124	87
2178	124	87
2179	124	87
2180	124	87
2181	124	87
2182	123	87
2183	123	87
2184	123	87
2185	123	87
2186	123	87
2187	123	87
2188	123	87
2189	123	87
2190	123	87
2191	122	87
2192	122	87
2193	122	86
2194	122	87
2195	121	87
2196	122	87
2197	122	87
2198	121	87
2199	121	87
2200	121	87
2201	121	87
2202	121	86
2203	121	87
2204	121	87
2205	121	87
2206	121	87
2207	121	87
2208	121	87
2209	121	87
2210	121	87
2211	120	87
2212	121	87
2213	120	87
2214	120	87
2215	120	87
2216	120	87
2217	120	87
2218	119	87
2219	120	86
2220	119	87
2221	119	87
2222	119	87
2223	119	87
2224	119	87
2225	119	87
2226	119	87
2227	119	87
2228	119	87
2229	118	87
2230	118	87
2231	118	87
2232	118	87
2233	118	87
2234	118	86
2235	118	87
2236	117	87
2237	117	86
2238	117	87
2239	117	86
2240	117	87
2241	117	87
2242	117	87
2243	116	87
2244	117	87
2245	117	87
2246	117	87
2247	116	87
2248	116	87
2249	116	87
2250	116	87
2251	116	87
2252	116	87
2253	116	87
2254	116	86
2255	116	87
2256	116	86
2257	116	87
2258	115	87
2259	116	87
2260	116	87
2261	115	87
2262	115	87
2263	115	87
2264	115	86
2265	115	87
2266	115	87
2267	115	121
2268	115	179
2269	115	187
2270	116	186
2271	116	186
2272	116	187
2273	116	187
2274	116	187
2275	117	187
2276	118	187
2277	117	187
2278	118	187
2279	118	187
2280	118	187
2281	118	187
2282	118	187
2283	119	187
2284	119	187
2285	119	187
2286	119	187
2287	119	187
2288	120	187
2289	120	187
2290	120	187
2291	121	187
2292	121	187
2293	121	187
2294	121	187
2295	121	187
2296	121	187
2297	122	187
2298	122	187
2299	122	187
2300	122	187
2301	123	188
2302	123	187
2303	123	187
2304	123	187
2305	123	187
2306	123	188
2307	124	187
2308	124	188
2309	124	187
2310	125	188
2311	125	187
2312	125	187
2313	125	188
2314	125	188
2315	126	188
2316	126	188
2317	125	188
2318	126	188
2319	126	188
2320	126	188
2321	126	188
2322	126	187
2323	127	188
2324	127	188
2325	127	188
2326	127	188
2327	128	188
2328	128	188
2329	128	188
2330	129	188
2331	129	188
2332	129	188
2333	129	188
2334	129	188
2335	129	188
2336	129	188
2337	130	188
2338	129	188
2339	129	188
2340	131	188
2341	130	188
2342	131	188
2343	131	188
2344	131	188
2345	131	188
2346	131	188
2347	132	189
2348	132	188
2349	132	188
2350	132	188
2351	132	189
2352	132	188
2353	133	188
2354	132	189
2355	132	189
2356	133	187
2357	133	188
2358	133	189
2359	133	189
2360	133	188
2361	133	188
2362	134	189
2363	135	189
2364	135	189
2365	135	189
2366	135	189
2367	135	188
2368	135	189
2369	136	189
2370	136	188
2371	136	188
2372	136	189
2373	136	189
2374	137	189
2375	137	189
2376	137	189
2377	137	189
2378	137	188
2379	137	189
2380	137	189
2381	137	189
2382	137	189
2383	138	189
2384	138	189
2385	138	189
2386	138	189
2387	138	189
2388	139	189
2389	138	189
2390	139	189
2391	139	189
2392	139	189
2393	139	189
2394	140	189
2395	140	189
2396	140	189
2397	140	189
2398	140	189
2399	140	189
2400	140	189
2401	141	189
2402	141	189
2403	141	189
2404	142	189
2405	142	189
2406	141	189
2407	142	189
2408	142	189
2409	142	189
2410	142	189
2411	142	189
2412	142	189
2413	143	189
2414	142	189
2415	143	189
2416	143	189
2417	143	189
2418	143	189
2419	143	189
2420	144	189
2421	144	189
2422	144	189
2423	144	189
2424	144	189
2425	145	189
2426	145	190
2427	145	189
2428	145	189
2429	145	189
2430	145	189
2431	145	189
2432	145	189
2433	145	189
2434	146	189
2435	146	189
2436	146	189
2437	146	190
2438	146	189
2439	146	189
2440	147	189
2441	147	189
2442	147	189
2443	147	189
2444	147	189
2445	147	189
2446	147	189
2447	147	189
2448	148	189
2449	148	189
2450	148	189
2451	148	190
2452	148	190
2453	148	189
2454	148	189
2455	149	189
2456	148	189
2457	149	189
2458	149	188
2459	149	189
2460	149	189
2461	149	189
2462	149	189
2463	149	189
2464	149	189
2465	150	189
2466	149	190
2467	150	190
2468	150	190
2469	150	190
2470	150	190
2471	150	190
2472	150	190
2473	151	190
2474	151	189
2475	151	190
2476	151	189
2477	151	189
2478	151	189
2479	151	189
2480	152	189
2481	152	189
2482	152	189
2483	152	189
2484	152	190
2485	152	189
2486	152	190
2487	153	190
2488	153	190
2489	153	190
2490	153	189
2491	153	190
2492	153	189
2493	153	189
2494	153	190
2495	153	190
2496	153	190
2497	153	190
2498	153	189
2499	154	190
2500	154	190
2501	154	190
2502	154	190
2503	154	190
2504	154	190
2505	154	190
2506	155	190
2507	155	189
2508	155	190
2509	155	190
2510	155	190
2511	155	190
2512	155	190
2513	155	190
2514	156	190
2515	155	190
2516	156	190
2517	155	190
2518	156	190
2519	156	190
2520	156	190
2521	156	190
2522	156	190
2523	156	190
2524	156	190
2525	156	190
2526	156	190
2527	157	189
2528	157	189
2529	156	190
2530	157	190
2531	157	190
2532	157	190
2533	157	190
2534	157	190
2535	157	190
2536	157	190
2537	157	190
2538	158	190
2539	158	190
2540	158	190
2541	158	190
2542	159	190
2543	158	190
2544	158	190
2545	158	189
2546	158	190
2547	159	190
2548	159	190
2549	159	190
2550	159	190
2551	159	189
2552	159	189
2553	159	190
2554	159	190
2555	160	190
2556	159	190
2557	160	190
2558	160	189
2559	160	190
2560	160	190
2561	160	190
2562	160	189
2563	160	190
2564	161	190
2565	161	190
2566	161	190
2567	160	190
2568	161	190
2569	161	190
2570	161	190
2571	161	190
2572	161	190
2573	161	190
2574	161	190
2575	161	190
2576	161	190
2577	162	190
2578	161	190
2579	162	183
2580	162	117
2581	161	89
2582	161	91
2583	161	90
2584	161	89
2585	160	89
2586	160	89
2587	161	89
2588	159	89
2589	159	89
2590	159	89
2591	159	90
2592	159	89
2593	159	89
2594	158	89
2595	158	89
2596	158	89
2597	157	89
2598	157	89
2599	157	89
2600	157	89
2601	156	89
2602	156	89
2603	157	90
2604	156	89
2605	156	89
2606	156	89
2607	155	89
2608	155	89
2609	155	89
2610	155	89
2611	155	89
2612	155	89
2613	154	89
2614	154	88
2615	154	89
2616	154	89
2617	154	89
2618	153	89
2619	153	89
2620	153	89
2621	153	89
2622	153	89
2623	153	89
2624	152	89
2625	152	89
2626	151	89
2627	151	88
2628	152	89
2629	151	89
2630	150	87
2631	151	88
2632	151	89
2633	150	88
2634	150	89
2635	150	89
2636	150	88
2637	149	88
2638	149	89
2639	149	89
2640	149	89
2641	148	88
2642	148	89
2643	148	89
2644	148	88
2645	148	88
2646	147	88
2647	148	88
2648	147	88
2649	147	88
2650	147	88
2651	147	88
2652	147	88
2653	146	88
2654	146	88
2655	146	88
2656	145	89
2657	146	87
2658	145	88
2659	145	88
2660	145	89
2661	145	88
2662	145	88
2663	145	88
2664	145	88
2665	144	88
2666	144	88
2667	144	88
2668	144	88
2669	143	88
2670	143	88
2671	143	88
2672	143	87
2673	143	87
2674	143	87
2675	142	88
2676	142	88
2677	142	87
2678	142	88
2679	142	87
2680	142	88
2681	141	88
2682	141	87
2683	141	88
2684	141	87
2685	140	87
2686	140	88
2687	140	87
2688	140	87
2689	140	88
2690	140	88
2691	139	87
2692	140	87
2693	139	88
2694	139	88
2695	139	88
2696	139	88
2697	138	87
2698	138	88
2699	138	87
2700	138	88
2701	138	88
2702	137	87
2703	137	87
2704	137	87
2705	137	87
2706	137	87
2707	137	87
2708	137	87
2709	137	87
2710	137	87
2711	137	87
2712	137	87
2713	136	87
2714	136	87
2715	136	87
2716	135	87
2717	136	87
2718	135	87
2719	135	87
2720	135	87
2721	135	87
2722	135	87
2723	135	87
2724	134	87
2725	134	87
2726	134	87
2727	134	87
2728	134	87
2729	134	87
2730	133	87
2731	133	88
2732	133	87
2733	132	87
2734	133	87
2735	133	87
2736	132	87
2737	132	87
2738	132	87
2739	132	87
2740	132	87
2741	132	87
2742	132	87
2743	132	87
2744	131	87
2745	131	87
2746	131	87
2747	131	87
2748	131	87
2749	131	87
2750	131	87
2751	130	87
2752	130	87
2753	130	87
2754	129	87
2755	129	87
2756	130	87
2757	130	87
2758	129	87
2759	129	87
2760	129	87
2761	129	87
2762	129	87
2763	129	87
2764	129	87
2765	129	87
2766	129	87
2767	128	86
2768	128	87
2769	128	87
2770	128	87
2771	128	87
2772	128	87
2773	128	87
2774	127	87
2775	127	87
2776	127	87
2777	127	87
2778	127	87
2779	127	87
2780	127	87
2781	126	87
2782	126	87
2783	126	87
2784	126	87
2785	126	87
2786	126	87
2787	125	87
2788	126	87
2789	125	87
2790	125	87
2791	125	87
2792	125	87
2793	125	87
2794	125	87
2795	125	87
2796	125	87
2797	124	87
2798	124	87
2799	124	87
2800	124	87
2801	124	87
2802	124	86
2803	124	87
2804	124	87
2805	123	87
2806	124	87
2807	124	87
2808	123	87
2809	123	87
2810	123	87
2811	123	87
2812	123	87
2813	123	87
2814	122	86
2815	122	87
2816	122	87
2817	122	87
2818	122	87
2819	122	87
2820	122	87
2821	122	87
2822	122	87
2823	122	87
2824	121	87
2825	121	87
2826	121	87
2827	121	87
2828	121	87
2829	121	87
2830	120	87
2831	121	87
2832	121	87
2833	120	87
2834	120	87
2835	120	87
2836	120	87
2837	120	87
2838	120	87
2839	120	86
2840	119	87
2841	120	87
2842	120	87
2843	120	87
2844	119	87
2845	118	87
2846	119	86
2847	119	87
2848	119	87
2849	119	87
2850	119	87
2851	118	86
2852	119	87
2853	118	86
2854	118	87
2855	118	87
2856	118	87
2857	118	87
2858	118	87
2859	118	86
2860	118	87
2861	118	87
2862	117	87
2863	117	87
2864	117	87
2865	117	87
2866	117	87
2867	117	87
2868	117	87
2869	117	87
2870	116	86
2871	117	86
2872	116	87
2873	117	87
2874	116	86
2875	117	87
2876	116	87
2877	116	86
2878	116	87
2879	116	87
2880	116	86
2881	115	87
2882	116	87
2883	116	86
2884	116	87
2885	116	87
2886	116	86
2887	115	86
2888	115	87
2889	115	87
2890	115	87
2891	115	87
2892	115	121
2893	115	179
2894	115	187
2895	116	186
2896	116	187
2897	116	187
2898	116	187
2899	117	187
2900	117	187
2901	117	187
2902	117	187
2903	117	187
2904	118	187
2905	118	187
2906	118	187
2907	118	187
2908	118	187
2909	119	187
2910	119	187
2911	119	187
2912	120	187
2913	120	188
2914	120	187
2915	120	187
2916	121	187
2917	121	187
2918	121	187
2919	121	187
2920	121	187
2921	121	187
2922	122	187
2923	122	187
2924	122	187
2925	122	187
2926	122	187
2927	123	187
2928	123	187
2929	123	188
2930	124	187
2931	123	188
2932	124	188
2933	124	187
2934	124	187
2935	124	188
2936	124	187
2937	125	188
2938	125	188
2939	125	187
2940	125	188
2941	126	187
2942	126	188
2943	126	187
2944	126	188
2945	126	188
2946	126	188
2947	127	187
2948	127	188
2949	127	188
2950	127	188
2951	127	188
2952	128	188
2953	128	188
2954	128	188
2955	129	188
2956	128	188
2957	129	188
2958	129	188
2959	129	188
2960	129	188
2961	129	188
2962	129	188
2963	129	188
2964	130	188
2965	130	188
2966	130	188
2967	131	188
2968	131	188
2969	130	188
2970	131	188
2971	132	188
2972	131	188
2973	131	188
2974	132	188
2975	132	189
2976	132	189
2977	132	188
2978	132	188
2979	132	189
2980	133	188
2981	132	189
2982	133	189
2983	133	188
2984	134	189
2985	134	189
2986	134	189
2987	135	189
2988	135	189
2989	135	189
2990	135	188
2991	135	188
2992	135	189
2993	135	188
2994	135	189
2995	136	188
2996	136	189
2997	136	189
2998	136	188
2999	137	189
3000	137	189
3001	136	189
3002	137	188
3003	137	189
3004	137	189
3005	137	189
3006	137	189
3007	137	188
3008	137	189
3009	138	189
3010	138	189
3011	138	189
3012	139	189
3013	138	189
3014	139	189
3015	139	189
3016	139	189
3017	139	189
3018	139	189
3019	140	189
3020	140	189
3021	140	189
3022	140	189
3023	140	189
3024	140	189
3025	140	189
3026	141	189
3027	141	189
3028	141	189
3029	141	189
3030	142	189
3031	142	189
3032	142	189
3033	142	189
3034	142	189
3035	142	189
3036	142	189
3037	143	189
3038	143	189
3039	143	189
3040	143	189
3041	143	188
3042	143	189
3043	143	189
3044	144	189
3045	144	189
3046	144	189
3047	144	189
3048	144	189
3049	144	189
3050	144	190
3051	145	189
3052	145	189
3053	145	189
3054	145	189
3055	145	189
3056	145	190
3057	145	189
3058	145	189
3059	145	189
3060	146	190
3061	146	189
3062	146	189
3063	146	189
3064	146	189
3065	146	189
3066	146	189
3067	147	189
3068	147	189
3069	147	189
3070	147	189
3071	147	189
3072	147	189
3073	147	189
3074	148	189
3075	148	189
3076	148	189
3077	148	190
3078	148	189
3079	148	189
3080	148	189
3081	148	189
3082	149	189
3083	149	189
3084	149	190
3085	149	189
3086	149	189
3087	150	190
3088	149	189
3089	149	189
3090	150	190
3091	150	189
3092	151	190
3093	150	189
3094	150	189
3095	150	190
3096	150	189
3097	151	189
3098	150	190
3099	151	189
3100	151	189
3101	151	189
3102	151	189
3103	151	189
3104	151	189
3105	151	189
3106	152	190
3107	152	190
3108	153	190
3109	153	190
3110	152	189
3111	153	189
3112	153	190
3113	153	190
3114	153	189
3115	153	190
3116	153	190
3117	153	190
3118	153	190
3119	153	190
3120	153	189
3121	153	190
3122	153	190
3123	154	189
3124	154	189
3125	154	189
3126	154	190
3127	154	189
3128	154	189
3129	154	190
3130	154	189
3131	155	190
3132	155	189
3133	155	190
3134	155	190
3135	155	190
3136	155	190
3137	155	190
3138	156	189
3139	155	190
3140	156	190
3141	156	190
3142	156	190
3143	156	189
3144	156	190
3145	156	190
3146	156	190
3147	156	190
3148	156	190
3149	156	190
3150	156	190
3151	156	190
3152	156	190
3153	156	190
3154	157	190
3155	157	190
3156	157	190
3157	157	190
3158	157	190
3159	157	190
3160	157	190
3161	158	189
3162	158	189
3163	158	190
3164	158	190
3165	158	190
3166	158	190
3167	158	190
3168	158	190
3169	158	190
3170	159	190
3171	159	190
3172	159	190
3173	159	190
3174	159	190
3175	159	190
3176	159	190
3177	159	190
3178	159	189
3179	160	190
3180	159	190
3181	159	190
3182	159	190
3183	160	190
3184	160	190
3185	160	190
3186	160	190
3187	160	190
3188	161	190
3189	160	190
3190	160	190
3191	161	190
3192	161	190
3193	161	190
3194	161	190
3195	161	190
3196	161	190
3197	161	190
3198	161	190
3199	161	190
3200	161	190
3201	161	190
3202	161	190
3203	161	190
3204	162	184
3205	161	116
3206	161	90
3207	161	91
3208	161	90
3209	161	89
3210	161	90
3211	161	89
3212	160	89
3213	159	89
3214	159	89
3215	159	90
3216	159	90
3217	159	89
3218	158	89
3219	158	89
3220	158	89
3221	158	89
3222	157	89
3223	157	89
3224	157	89
3225	157	89
3226	156	89
3227	157	89
3228	156	89
3229	156	89
3230	156	89
3231	156	89
3232	156	89
3233	155	89
3234	155	89
3235	155	89
3236	155	89
3237	155	89
3238	154	89
3239	154	89
3240	154	89
3241	153	89
3242	154	89
3243	154	89
3244	153	89
3245	153	89
3246	153	89
3247	152	88
3248	152	89
3249	152	89
3250	152	89
3251	152	89
3252	152	89
3253	151	89
3254	151	88
3255	151	88
3256	150	89
3257	150	89
3258	150	89
3259	151	89
3260	150	89
3261	149	88
3262	149	88
3263	149	88
3264	149	88
3265	149	88
3266	148	88
3267	148	88
3268	148	88
3269	148	88
3270	148	89
3271	148	89
3272	148	88
3273	147	88
3274	147	88
3275	147	88
3276	147	88
3277	147	89
3278	146	88
3279	146	88
3280	146	88
3281	146	87
3282	146	89
3283	145	88
3284	145	88
3285	145	88
3286	145	88
3287	145	88
3288	145	88
3289	145	87
3290	144	87
3291	144	88
3292	144	87
3293	143	87
3294	143	88
3295	143	88
3296	143	88
3297	143	88
3298	142	87
3299	143	87
3300	143	89
3301	142	88
3302	142	88
3303	142	88
3304	142	87
3305	142	88
3306	141	87
3307	141	88
3308	141	87
3309	141	88
3310	141	88
3311	141	87
3312	140	87
3313	140	88
3314	140	88
3315	140	87
3316	140	87
3317	140	87
3318	139	87
3319	139	88
3320	139	87
3321	139	87
3322	139	87
3323	139	87
3324	138	87
3325	138	87
3326	138	87
3327	138	87
3328	138	87
3329	137	87
3330	137	87
3331	137	87
3332	137	87
3333	137	87
3334	137	87
3335	137	87
3336	136	87
3337	137	87
3338	136	87
3339	136	87
3340	135	88
3341	135	87
3342	136	87
3343	135	87
3344	136	87
3345	135	88
3346	135	87
3347	135	87
3348	135	87
3349	134	87
3350	134	87
3351	134	87
3352	134	87
3353	133	87
3354	133	87
3355	134	87
3356	133	87
3357	133	87
3358	132	87
3359	132	87
3360	132	87
3361	132	87
3362	132	87
3363	132	87
3364	132	87
3365	132	87
3366	132	87
3367	132	87
3368	132	87
3369	131	87
3370	131	87
3371	132	87
3372	131	87
3373	131	87
3374	131	87
3375	130	87
3376	130	87
3377	130	87
3378	130	87
3379	129	87
3380	130	87
3381	130	87
3382	129	87
3383	129	87
3384	129	86
3385	129	87
3386	129	87
3387	129	87
3388	129	87
3389	129	87
3390	129	87
3391	129	87
3392	129	87
3393	128	87
3394	128	87
3395	128	87
3396	128	87
3397	128	87
3398	128	87
3399	127	87
3400	127	87
3401	127	87
3402	127	87
3403	127	87
3404	127	87
3405	126	87
3406	126	87
3407	126	87
3408	126	87
3409	126	87
3410	126	87
3411	126	87
3412	126	87
3413	125	87
3414	125	87
3415	125	87
3416	125	87
3417	124	87
3418	124	87
3419	125	87
3420	124	87
3421	125	87
3422	124	87
3423	124	87
3424	124	87
3425	124	87
3426	124	87
3427	124	87
3428	124	87
3429	124	87
3430	124	87
3431	124	87
3432	123	87
3433	123	87
3434	123	87
3435	123	87
3436	123	87
3437	123	87
3438	123	87
3439	122	87
3440	122	87
3441	122	87
3442	122	87
3443	122	87
3444	122	87
3445	122	87
3446	122	87
3447	121	87
3448	121	87
3449	121	87
3450	121	87
3451	121	86
3452	121	86
3453	121	87
3454	121	87
3455	120	87
3456	121	87
3457	121	86
3458	120	87
3459	121	87
3460	121	87
3461	120	87
3462	120	87
3463	120	87
3464	120	87
3465	120	87
3466	120	87
3467	120	87
3468	120	87
3469	119	86
3470	119	86
3471	119	87
3472	119	87
3473	119	87
3474	119	87
3475	118	87
3476	119	87
3477	118	86
3478	118	87
3479	118	87
3480	118	87
3481	118	87
3482	118	87
3483	118	87
3484	118	87
3485	117	86
3486	117	86
3487	117	87
3488	117	86
3489	117	86
3490	117	87
3491	117	86
3492	117	87
3493	117	87
3494	116	87
3495	116	87
3496	117	87
3497	116	87
3498	116	87
3499	116	86
3500	116	87
3501	116	87
3502	116	86
3503	116	86
3504	116	86
3505	116	86
3506	115	86
3507	116	87
3508	116	87
3509	116	87
3510	115	87
3511	115	87
3512	115	86
3513	115	87
3514	115	86
3515	115	87
3516	115	86
3517	115	120
3518	115	179
3519	115	187
3520	115	186
3521	116	186
3522	116	187
3523	116	187
3524	117	187
3525	117	187
3526	117	187
3527	117	187
3528	117	187
3529	117	187
3530	118	187
3531	118	187
3532	118	187
3533	119	187
3534	118	187
3535	119	187
3536	119	187
3537	119	187
3538	120	187
3539	120	187
3540	121	187
3541	121	187
3542	121	187
3543	121	187
3544	121	187
3545	121	187
3546	121	187
3547	122	187
3548	122	187
3549	122	187
3550	122	187
3551	122	187
3552	122	187
3553	123	188
3554	123	187
3555	123	187
3556	124	187
3557	124	187
3558	124	188
3559	124	188
3560	124	187
3561	124	188
3562	124	187
3563	125	188
3564	125	188
3565	125	188
3566	126	188
3567	126	188
3568	126	188
3569	126	188
3570	126	188
3571	127	187
3572	127	187
3573	127	188
3574	127	188
3575	127	188
3576	127	188
3577	127	188
3578	128	188
3579	128	188
3580	129	188
3581	129	188
3582	129	188
3583	129	188
3584	129	188
3585	129	188
3586	129	188
3587	129	188
3588	130	188
3589	130	187
3590	130	188
3591	130	189
3592	131	188
3593	131	189
3594	131	188
3595	132	188
3596	131	188
3597	132	188
3598	132	189
3599	132	188
3600	132	189
3601	132	189
3602	132	188
3603	132	188
3604	133	188
3605	133	188
3606	133	188
3607	133	188
3608	133	188
3609	133	188
3610	133	189
3611	134	189
3612	134	188
3613	134	188
3614	135	188
3615	135	188
3616	135	189
3617	135	188
3618	135	188
3619	135	188
3620	136	189
3621	136	189
3622	136	188
3623	136	189
3624	136	188
3625	137	189
3626	137	189
3627	137	189
3628	137	189
3629	137	189
3630	137	188
3631	137	188
3632	137	189
3633	137	189
3634	138	189
3635	138	189
3636	138	189
3637	138	188
3638	138	189
3639	138	189
3640	139	189
3641	139	189
3642	139	189
3643	140	189
3644	139	189
3645	140	189
3646	140	189
3647	140	189
3648	140	189
3649	140	189
3650	141	189
3651	141	189
3652	141	189
3653	141	189
3654	141	189
3655	141	189
3656	141	189
3657	141	189
3658	142	189
3659	143	189
3660	142	189
3661	142	189
3662	142	189
3663	143	189
3664	143	189
3665	143	189
3666	143	189
3667	143	189
3668	144	190
3669	143	189
3670	144	189
3671	144	189
3672	144	189
3673	144	189
3674	145	189
3675	145	189
3676	145	189
3677	145	189
3678	145	189
3679	145	189
3680	145	189
3681	145	189
3682	145	189
3683	145	189
3684	145	189
3685	146	189
3686	146	189
3687	146	189
3688	146	189
3689	146	189
3690	146	189
3691	147	190
3692	147	189
3693	147	190
3694	147	189
3695	147	189
3696	147	189
3697	148	189
3698	148	189
3699	148	189
3700	148	189
3701	148	189
3702	148	189
3703	148	189
3704	148	189
3705	148	190
3706	149	189
3707	149	189
3708	148	190
3709	149	189
3710	149	189
3711	149	189
3712	149	189
3713	149	189
3714	149	189
3715	150	189
3716	150	190
3717	150	190
3718	150	190
3719	150	189
3720	151	190
3721	150	190
3722	151	190
3723	151	189
3724	151	189
3725	151	189
3726	151	188
3727	151	189
3728	151	190
3729	151	189
3730	151	190
3731	152	190
3732	153	190
3733	152	189
3734	152	189
3735	153	190
3736	153	189
3737	152	190
3738	153	190
3739	153	190
3740	153	190
3741	153	190
3742	153	190
3743	153	189
3744	153	189
3745	153	190
3746	153	190
3747	153	190
3748	154	190
3749	154	190
3750	154	189
3751	154	190
3752	154	189
3753	154	190
3754	154	190
3755	155	190
3756	154	189
3757	155	189
3758	155	190
3759	155	190
3760	155	190
3761	154	190
3762	155	190
3763	156	190
3764	155	190
3765	155	189
3766	156	189
3767	156	189
3768	156	189
3769	156	189
3770	156	190
3771	156	190
3772	156	189
3773	156	190
3774	157	190
3775	156	190
3776	156	190
3777	156	189
3778	157	189
3779	157	189
3780	157	190
3781	157	190
3782	157	190
3783	157	190
3784	158	190
3785	157	190
3786	157	189
3787	158	190
3788	158	190
3789	158	190
3790	158	190
3791	158	190
3792	158	190
3793	158	190
3794	158	190
3795	158	189
3796	159	190
3797	158	190
3798	159	190
3799	159	190
3800	159	190
3801	159	190
3802	159	190
3803	160	190
3804	159	190
3805	160	190
3806	160	190
3807	160	190
3808	160	190
3809	160	190
3810	160	190
3811	160	190
3812	161	190
3813	160	190
3814	160	190
3815	161	190
3816	161	190
3817	161	190
3818	161	190
3819	161	190
3820	161	190
3821	161	190
3822	161	190
3823	161	190
3824	161	190
3825	161	190
3826	161	190
3827	161	190
3828	162	190
3829	161	183
3830	161	117
3831	161	90
3832	161	90
3833	161	90
3834	161	89
3835	161	89
3836	160	89
3837	160	89
3838	159	89
3839	159	89
3840	159	89
3841	159	89
3842	159	89
3843	159	89
3844	158	90
3845	158	89
3846	157	89
3847	157	89
3848	157	89
3849	157	90
3850	156	89
3851	157	90
3852	156	89
3853	156	89
3854	156	89
3855	156	89
3856	155	89
3857	156	89
3858	155	89
3859	156	89
3860	155	89
3861	154	89
3862	155	89
3863	154	88
3864	154	89
3865	154	89
3866	153	89
3867	154	89
3868	153	89
3869	153	89
3870	153	89
3871	153	89
3872	153	89
3873	153	89
3874	152	89
3875	152	89
3876	152	89
3877	151	89
3878	151	88
3879	151	88
3880	151	89
3881	151	88
3882	151	89
3883	151	88
3884	149	88
3885	149	89
3886	149	88
3887	149	88
3888	149	88
3889	149	88
3890	149	89
3891	148	88
3892	149	89
3893	148	88
3894	148	88
3895	148	88
3896	148	88
3897	147	88
3898	147	88
3899	147	88
3900	147	88
3901	147	88
3902	146	88
3903	146	88
3904	146	88
3905	146	88
3906	146	88
3907	146	88
3908	145	89
3909	145	88
3910	145	89
3911	145	88
3912	145	88
3913	145	88
3914	144	88
3915	144	88
3916	144	88
3917	144	88
3918	144	88
3919	144	88
3920	143	88
3921	143	88
3922	143	88
3923	143	88
3924	143	88
3925	142	88
3926	142	88
3927	142	88
3928	142	88
3929	142	88
3930	141	88
3931	142	88
3932	141	87
3933	141	88
3934	141	87
3935	141	87
3936	140	87
3937	140	87
3938	140	87
3939	140	87
3940	140	88
3941	140	88
3942	139	87
3943	139	87
3944	139	88
3945	139	87
3946	139	87
3947	139	88
3948	138	87
3949	138	87
3950	138	87
3951	138	87
3952	137	87
3953	137	87
3954	137	87
3955	137	87
3956	137	88
3957	137	87
3958	137	87
3959	137	87
3960	137	87
3961	137	87
3962	136	87
3963	137	88
3964	136	87
3965	135	87
3966	135	87
3967	135	87
3968	135	87
3969	135	87
3970	135	87
3971	135	87
3972	135	87
3973	134	87
3974	134	87
3975	134	87
3976	134	87
3977	134	88
3978	133	87
3979	133	87
3980	133	87
3981	133	87
3982	133	87
3983	133	87
3984	132	87
3985	133	87
3986	132	87
3987	132	87
3988	132	87
3989	132	87
3990	132	87
3991	132	87
3992	132	87
3993	131	87
3994	132	87
3995	132	87
3996	131	87
3997	131	87
3998	131	87
3999	130	87
4000	130	87
4001	131	87
4002	131	87
4003	130	87
4004	130	87
4005	130	87
4006	130	87
4007	130	87
4008	129	87
4009	129	88
4010	129	87
4011	129	87
4012	129	87
4013	129	87
4014	129	87
4015	129	87
4016	129	87
4017	129	87
4018	128	87
4019	128	87
4020	128	87
4021	128	87
4022	128	87
4023	128	87
4024	127	87
4025	127	87
4026	127	87
4027	127	87
4028	127	87
4029	127	87
4030	127	87
4031	127	87
4032	126	87
4033	126	87
4034	126	87
4035	126	87
4036	126	87
4037	125	87
4038	126	87
4039	126	87
4040	126	87
4041	125	87
4042	125	87
4043	125	87
4044	125	87
4045	125	87
4046	125	87
4047	125	87
4048	124	87
4049	124	87
4050	124	87
4051	124	87
4052	124	87
4053	124	87
4054	124	87
4055	124	87
4056	124	87
4057	123	87
4058	123	87
4059	123	87
4060	123	87
4061	123	87
4062	123	87
4063	123	87
4064	123	86
4065	123	87
4066	122	87
4067	122	87
4068	123	87
4069	122	87
4070	122	86
4071	122	87
4072	121	87
4073	122	87
4074	122	87
4075	121	87
4076	121	87
4077	121	87
4078	121	87
4079	121	87
4080	121	87
4081	121	87
4082	120	87
4083	120	87
4084	121	87
4085	120	87
4086	120	86
4087	120	86
4088	120	87
4089	120	86
4090	120	87
4091	120	87
4092	119	86
4093	119	87
4094	119	87
4095	119	87
