
TIME STEP:
125 = 20us

VOLTAGE STEP:
CH1:  32 = 0.3V
CH2:  32 = 0.3V
GND	138	132
N	CH1	CH2

0	125	87
1	125	87
2	125	88
3	124	87
4	124	87
5	124	87
6	124	87
7	123	87
8	123	87
9	123	87
10	123	87
11	123	87
12	122	87
13	122	87
14	122	87
15	121	87
16	121	87
17	121	87
18	121	87
19	120	87
20	120	87
21	120	87
22	120	87
23	119	87
24	119	86
25	119	87
26	118	87
27	119	87
28	118	87
29	118	87
30	118	87
31	118	87
32	117	87
33	117	87
34	117	87
35	116	87
36	117	87
37	116	87
38	116	87
39	116	86
40	116	86
41	115	86
42	115	86
43	115	87
44	114	86
45	115	87
46	114	87
47	114	86
48	114	86
49	113	87
50	113	86
51	113	87
52	113	86
53	113	86
54	113	86
55	112	86
56	112	86
57	112	86
58	112	86
59	112	86
60	112	86
61	111	86
62	111	86
63	111	86
64	110	86
65	110	86
66	110	86
67	110	86
68	110	86
69	110	86
70	109	86
71	109	86
72	109	86
73	109	86
74	109	86
75	109	86
76	108	86
77	108	86
78	108	86
79	108	86
80	108	86
81	108	86
82	108	86
83	107	86
84	107	86
85	107	86
86	107	86
87	107	86
88	107	86
89	106	86
90	107	86
91	107	86
92	105	85
93	106	85
94	105	86
95	105	86
96	105	86
97	105	85
98	105	85
99	105	86
100	105	86
101	105	85
102	104	85
103	105	85
104	105	85
105	104	85
106	104	85
107	104	85
108	104	86
109	104	85
110	104	85
111	104	86
112	103	85
113	103	86
114	103	85
115	103	85
116	103	85
117	102	85
118	102	85
119	102	85
120	102	85
121	102	85
122	102	85
123	102	85
124	101	85
125	101	85
126	101	85
127	101	85
128	101	85
129	101	85
130	101	85
131	100	85
132	100	85
133	100	85
134	100	85
135	100	85
136	100	85
137	100	85
138	100	85
139	100	85
140	100	85
141	100	85
142	99	85
143	100	85
144	99	84
145	99	85
146	100	85
147	99	85
148	99	85
149	99	85
150	99	85
151	99	85
152	99	85
153	99	85
154	98	85
155	99	85
156	98	85
157	98	85
158	98	85
159	98	85
160	98	85
161	97	84
162	98	85
163	97	84
164	97	84
165	97	85
166	97	85
167	97	85
168	97	85
169	97	85
170	97	85
171	97	85
172	97	85
173	97	84
174	97	85
175	97	85
176	97	85
177	96	85
178	96	84
179	96	85
180	96	84
181	96	84
182	96	84
183	95	85
184	96	85
185	95	84
186	96	84
187	96	85
188	95	84
189	96	85
190	95	85
191	95	84
192	95	84
193	95	84
194	95	85
195	95	84
196	94	85
197	95	84
198	95	84
199	94	84
200	94	84
201	94	85
202	94	84
203	94	85
204	94	85
205	94	84
206	94	84
207	94	84
208	94	84
209	94	84
210	94	85
211	94	84
212	93	83
213	93	84
214	93	84
215	93	84
216	93	84
217	93	84
218	93	84
219	93	84
220	93	84
221	93	84
222	93	84
223	93	85
224	93	84
225	93	84
226	93	84
227	92	84
228	92	84
229	92	84
230	92	84
231	92	84
232	92	84
233	92	84
234	92	84
235	92	85
236	92	85
237	92	85
238	92	85
239	92	85
240	92	86
241	92	85
242	92	86
243	92	86
244	91	87
245	92	87
246	91	86
247	92	87
248	91	87
249	92	88
250	91	89
251	92	89
252	91	89
253	92	89
254	91	89
255	91	90
256	91	90
257	91	90
258	92	91
259	92	91
260	91	91
261	92	91
262	92	91
263	91	92
264	91	92
265	91	93
266	91	93
267	92	93
268	91	93
269	92	94
270	91	94
271	91	95
272	92	95
273	92	95
274	92	95
275	92	96
276	92	95
277	92	96
278	92	96
279	92	96
280	92	97
281	92	97
282	92	97
283	92	97
284	92	97
285	92	98
286	92	98
287	92	99
288	92	99
289	92	99
290	92	100
291	92	100
292	92	100
293	92	100
294	92	101
295	92	101
296	92	101
297	92	102
298	92	102
299	93	102
300	93	103
301	93	103
302	93	103
303	93	103
304	94	103
305	94	104
306	94	105
307	94	105
308	93	105
309	94	105
310	94	105
311	94	105
312	94	106
313	94	106
314	94	107
315	94	107
316	94	107
317	95	107
318	95	108
319	95	108
320	95	109
321	95	109
322	95	109
323	95	110
324	95	110
325	95	110
326	95	110
327	96	111
328	95	111
329	96	111
330	96	111
331	97	112
332	97	111
333	97	112
334	97	113
335	97	113
336	97	114
337	97	114
338	97	114
339	97	115
340	97	115
341	97	115
342	97	115
343	97	115
344	97	115
345	98	116
346	97	117
347	98	117
348	98	117
349	98	117
350	99	117
351	99	118
352	99	118
353	99	118
354	99	119
355	99	119
356	99	119
357	99	119
358	100	120
359	100	120
360	100	121
361	100	121
362	100	122
363	100	122
364	100	122
365	100	122
366	100	122
367	101	123
368	101	123
369	101	123
370	102	124
371	101	124
372	102	124
373	102	125
374	102	125
375	102	125
376	102	126
377	103	126
378	103	126
379	103	127
380	103	127
381	103	127
382	103	127
383	103	127
384	104	128
385	104	128
386	104	129
387	104	129
388	105	129
389	105	130
390	105	130
391	105	130
392	105	131
393	105	131
394	105	131
395	106	131
396	106	132
397	106	132
398	106	132
399	107	133
400	107	133
401	107	133
402	108	134
403	107	134
404	107	134
405	108	135
406	108	135
407	108	135
408	108	135
409	108	136
410	109	136
411	109	137
412	109	137
413	109	137
414	110	137
415	110	138
416	110	138
417	110	138
418	111	138
419	111	139
420	111	139
421	111	139
422	111	139
423	111	140
424	111	140
425	112	141
426	112	141
427	113	142
428	113	142
429	113	142
430	113	142
431	113	143
432	113	143
433	113	143
434	114	144
435	115	143
436	114	144
437	114	144
438	115	145
439	115	145
440	115	145
441	115	146
442	116	146
443	116	147
444	116	147
445	116	147
446	116	147
447	116	147
448	117	147
449	117	149
450	118	149
451	118	149
452	117	149
453	118	150
454	118	150
455	118	151
456	119	151
457	119	151
458	119	151
459	120	151
460	120	151
461	120	152
462	120	153
463	121	153
464	121	153
465	121	153
466	121	154
467	121	154
468	121	154
469	122	154
470	122	155
471	123	155
472	122	155
473	123	156
474	123	156
475	123	157
476	123	157
477	124	157
478	124	158
479	124	158
480	124	158
481	125	158
482	125	159
483	125	159
484	125	159
485	125	159
486	126	159
487	126	160
488	127	161
489	127	161
490	127	161
491	128	162
492	128	162
493	128	162
494	128	163
495	129	163
496	128	163
497	129	163
498	129	163
499	129	164
500	130	165
501	129	165
502	130	165
503	130	165
504	130	165
505	131	166
506	131	166
507	132	166
508	132	167
509	132	167
510	132	167
511	132	168
512	132	168
513	132	168
514	133	169
515	133	169
516	134	169
517	134	169
518	134	170
519	135	170
520	134	170
521	135	171
522	135	171
523	136	171
524	136	171
525	136	172
526	137	172
527	137	173
528	137	173
529	137	174
530	138	174
531	138	174
532	138	175
533	139	175
534	138	175
535	138	175
536	139	176
537	139	175
538	139	175
539	140	177
540	140	177
541	140	177
542	140	178
543	141	178
544	141	178
545	141	179
546	142	179
547	142	179
548	142	179
549	143	179
550	143	180
551	143	180
552	143	181
553	144	181
554	144	181
555	145	182
556	145	182
557	145	182
558	145	183
559	145	183
560	146	183
561	146	183
562	147	182
563	146	160
564	146	134
565	146	120
566	145	110
567	145	103
568	145	99
569	145	96
570	144	94
571	144	93
572	143	91
573	143	91
574	142	91
575	142	90
576	142	90
577	142	90
578	141	90
579	140	90
580	140	90
581	140	89
582	139	89
583	139	89
584	139	89
585	138	89
586	138	89
587	138	89
588	137	90
589	137	88
590	137	89
591	136	89
592	136	89
593	135	89
594	135	89
595	135	89
596	134	89
597	134	89
598	133	89
599	133	89
600	133	89
601	132	88
602	132	88
603	132	89
604	132	88
605	132	88
606	131	88
607	131	88
608	130	88
609	130	88
610	130	88
611	129	88
612	129	88
613	129	88
614	129	88
615	128	88
616	128	87
617	128	88
618	127	87
619	127	88
620	127	88
621	126	88
622	126	88
623	126	87
624	125	88
625	125	87
626	125	87
627	125	88
628	124	87
629	124	87
630	124	87
631	124	87
632	123	87
633	123	87
634	123	87
635	123	87
636	123	87
637	122	87
638	122	87
639	122	87
640	121	87
641	121	87
642	121	87
643	120	87
644	120	87
645	120	87
646	120	87
647	119	87
648	119	87
649	119	87
650	119	87
651	119	87
652	118	87
653	118	87
654	118	87
655	118	87
656	117	87
657	117	86
658	118	86
659	116	86
660	116	87
661	116	87
662	116	87
663	116	86
664	116	86
665	115	87
666	116	87
667	115	87
668	115	87
669	115	86
670	115	87
671	114	87
672	114	86
673	113	87
674	114	87
675	113	86
676	113	86
677	113	86
678	113	86
679	113	86
680	113	86
681	112	87
682	112	86
683	112	86
684	111	86
685	111	86
686	111	86
687	111	86
688	111	86
689	111	86
690	111	86
691	110	86
692	110	86
693	110	86
694	110	86
695	110	86
696	109	86
697	109	86
698	109	86
699	109	86
700	108	86
701	108	86
702	108	86
703	108	86
704	108	86
705	108	86
706	108	86
707	108	86
708	107	86
709	107	85
710	107	86
711	107	86
712	107	85
713	107	86
714	106	86
715	106	86
716	106	85
717	106	86
718	105	86
719	106	85
720	105	86
721	105	86
722	106	86
723	105	86
724	105	86
725	105	86
726	105	85
727	105	86
728	105	85
729	105	85
730	104	85
731	104	85
732	104	85
733	104	85
734	103	85
735	103	85
736	103	85
737	103	85
738	104	85
739	103	85
740	103	85
741	103	86
742	103	85
743	102	84
744	102	85
745	102	85
746	102	85
747	102	85
748	102	85
749	101	85
750	101	85
751	101	85
752	101	85
753	101	85
754	101	86
755	100	85
756	100	85
757	100	85
758	100	85
759	100	85
760	100	85
761	100	86
762	100	85
763	100	85
764	100	85
765	100	85
766	100	85
767	100	85
768	100	85
769	99	85
770	100	85
771	99	85
772	99	85
773	99	84
774	99	85
775	99	85
776	99	85
777	99	84
778	98	85
779	99	85
780	98	85
781	98	85
782	98	85
783	98	85
784	97	85
785	98	85
786	98	85
787	98	85
788	97	85
789	97	85
790	97	85
791	97	85
792	97	85
793	97	85
794	97	84
795	97	84
796	97	85
797	97	85
798	97	85
799	97	85
800	97	85
801	96	85
802	97	85
803	96	85
804	96	84
805	96	84
806	96	84
807	96	85
808	95	84
809	96	85
810	96	85
811	96	84
812	95	84
813	95	84
814	95	84
815	95	85
816	95	85
817	95	84
818	95	85
819	95	84
820	95	84
821	95	85
822	95	84
823	94	84
824	94	84
825	94	84
826	94	84
827	95	85
828	94	85
829	94	84
830	94	84
831	94	84
832	94	84
833	93	84
834	94	84
835	93	84
836	94	84
837	94	84
838	93	84
839	93	84
840	93	84
841	93	84
842	93	84
843	93	85
844	93	85
845	93	85
846	93	84
847	93	85
848	93	84
849	93	84
850	93	84
851	93	84
852	93	84
853	92	84
854	92	84
855	92	84
856	92	84
857	92	85
858	92	84
859	93	85
860	92	84
861	92	84
862	92	85
863	92	84
864	92	85
865	92	86
866	92	86
867	92	86
868	92	86
869	91	87
870	92	87
871	91	87
872	91	87
873	92	88
874	92	88
875	92	88
876	91	89
877	91	89
878	92	89
879	92	90
880	92	90
881	92	90
882	92	91
883	91	90
884	92	91
885	91	91
886	91	91
887	92	91
888	92	91
889	91	93
890	91	93
891	92	93
892	92	93
893	92	94
894	92	94
895	92	94
896	91	94
897	92	94
898	92	95
899	92	95
900	92	95
901	92	95
902	92	96
903	92	96
904	92	97
905	92	97
906	92	97
907	92	97
908	92	97
909	92	98
910	92	98
911	92	98
912	92	99
913	92	99
914	93	99
915	92	99
916	92	99
917	92	99
918	92	100
919	92	101
920	93	101
921	93	102
922	93	102
923	93	102
924	93	102
925	92	103
926	93	103
927	93	103
928	93	103
929	93	103
930	94	103
931	93	103
932	94	105
933	93	105
934	94	105
935	93	105
936	94	106
937	94	106
938	94	107
939	94	107
940	94	108
941	94	107
942	94	108
943	95	107
944	94	108
945	95	109
946	95	109
947	95	109
948	95	109
949	95	109
950	95	110
951	95	110
952	96	111
953	96	111
954	96	111
955	96	111
956	96	112
957	96	112
958	96	113
959	96	113
960	97	113
961	97	113
962	97	114
963	97	114
964	97	114
965	97	114
966	97	114
967	97	115
968	97	115
969	97	115
970	98	116
971	98	117
972	98	117
973	98	117
974	98	117
975	98	118
976	99	118
977	99	119
978	99	119
979	99	119
980	99	119
981	99	119
982	99	119
983	99	119
984	100	120
985	100	121
986	100	121
987	100	122
988	100	122
989	100	122
990	100	122
991	101	122
992	101	123
993	101	123
994	102	123
995	101	123
996	101	124
997	101	124
998	102	124
999	102	125
1000	102	125
1001	102	125
1002	103	126
1003	103	126
1004	103	126
1005	103	127
1006	103	127
1007	103	127
1008	104	128
1009	104	128
1010	104	128
1011	104	128
1012	105	129
1013	105	129
1014	105	130
1015	105	130
1016	105	130
1017	105	130
1018	105	131
1019	106	131
1020	105	131
1021	106	131
1022	106	132
1023	106	132
1024	107	133
1025	107	133
1026	107	133
1027	107	133
1028	107	133
1029	108	134
1030	108	134
1031	108	135
1032	108	135
1033	108	135
1034	108	135
1035	109	136
1036	109	137
1037	109	137
1038	109	137
1039	110	137
1040	110	138
1041	110	138
1042	110	138
1043	110	139
1044	110	139
1045	110	139
1046	111	139
1047	111	139
1048	111	139
1049	112	141
1050	112	141
1051	113	141
1052	112	141
1053	113	142
1054	113	142
1055	113	142
1056	113	142
1057	113	143
1058	113	143
1059	113	143
1060	113	144
1061	114	144
1062	114	144
1063	114	145
1064	115	145
1065	115	146
1066	115	146
1067	116	146
1068	116	146
1069	116	147
1070	116	147
1071	116	147
1072	116	147
1073	117	148
1074	118	149
1075	117	149
1076	117	149
1077	118	149
1078	118	150
1079	118	150
1080	119	151
1081	118	151
1082	119	151
1083	120	151
1084	119	151
1085	120	151
1086	120	151
1087	120	152
1088	121	153
1089	121	153
1090	121	154
1091	121	154
1092	121	154
1093	121	154
1094	122	155
1095	122	155
1096	122	155
1097	123	155
1098	123	156
1099	124	156
1100	123	157
1101	123	157
1102	124	158
1103	124	157
1104	124	158
1105	124	159
1106	125	158
1107	125	159
1108	125	159
1109	125	159
1110	125	159
1111	126	160
1112	126	160
1113	126	161
1114	127	161
1115	127	162
1116	127	162
1117	128	162
1118	128	162
1119	128	163
1120	128	162
1121	129	163
1122	129	163
1123	129	164
1124	129	164
1125	129	165
1126	130	164
1127	130	165
1128	130	165
1129	131	166
1130	131	166
1131	132	166
1132	132	167
1133	132	167
1134	132	167
1135	132	167
1136	132	168
1137	132	167
1138	133	168
1139	133	169
1140	133	169
1141	133	169
1142	134	170
1143	134	170
1144	135	170
1145	134	171
1146	135	171
1147	136	171
1148	136	171
1149	136	172
1150	136	172
1151	137	173
1152	137	173
1153	137	173
1154	137	173
1155	137	174
1156	137	174
1157	138	175
1158	138	175
1159	138	175
1160	139	175
1161	139	175
1162	139	176
1163	140	176
1164	140	177
1165	140	177
1166	140	177
1167	141	177
1168	141	178
1169	142	178
1170	142	179
1171	142	179
1172	142	179
1173	142	179
1174	143	179
1175	143	180
1176	143	180
1177	143	181
1178	144	181
1179	145	181
1180	145	181
1181	145	182
1182	145	182
1183	145	183
1184	145	182
1185	145	183
1186	146	183
1187	146	182
1188	146	159
1189	146	134
1190	146	120
1191	145	110
1192	145	103
1193	145	99
1194	145	96
1195	144	94
1196	144	93
1197	143	91
1198	143	91
1199	142	91
1200	142	91
1201	142	90
1202	142	90
1203	141	90
1204	140	89
1205	140	89
1206	140	89
1207	139	89
1208	139	89
1209	138	89
1210	138	90
1211	138	89
1212	137	89
1213	137	89
1214	137	90
1215	137	89
1216	136	89
1217	136	89
1218	135	88
1219	135	89
1220	135	89
1221	134	89
1222	134	89
1223	133	88
1224	133	89
1225	133	88
1226	133	88
1227	132	88
1228	132	89
1229	132	89
1230	132	88
1231	131	88
1232	131	88
1233	131	88
1234	131	88
1235	130	89
1236	129	88
1237	129	88
1238	129	88
1239	129	87
1240	128	88
1241	128	88
1242	127	88
1243	128	87
1244	127	87
1245	127	87
1246	127	88
1247	126	87
1248	126	87
1249	125	87
1250	126	87
1251	125	87
1252	124	87
1253	125	87
1254	124	87
1255	124	87
1256	124	87
1257	123	87
1258	123	87
1259	123	87
1260	122	87
1261	122	87
1262	122	87
1263	122	87
1264	121	87
1265	121	87
1266	121	87
1267	121	87
1268	121	87
1269	120	87
1270	120	87
1271	120	87
1272	120	87
1273	119	87
1274	119	87
1275	119	87
1276	119	87
1277	118	87
1278	118	87
1279	118	87
1280	118	87
1281	117	87
1282	117	87
1283	117	87
1284	116	87
1285	116	86
1286	116	87
1287	116	86
1288	116	87
1289	116	87
1290	116	87
1291	116	86
1292	115	86
1293	115	87
1294	115	86
1295	115	87
1296	114	86
1297	114	87
1298	114	87
1299	113	87
1300	113	86
1301	113	86
1302	113	86
1303	113	86
1304	113	86
1305	113	86
1306	112	86
1307	112	86
1308	112	86
1309	112	86
1310	111	86
1311	111	86
1312	110	86
1313	111	86
1314	111	87
1315	110	86
1316	110	86
1317	110	86
1318	110	86
1319	110	86
1320	110	86
1321	109	85
1322	109	86
1323	109	86
1324	109	86
1325	109	86
1326	108	86
1327	108	86
1328	108	86
1329	108	86
1330	108	86
1331	108	86
1332	108	86
1333	107	86
1334	107	86
1335	107	86
1336	107	85
1337	107	86
1338	107	85
1339	107	86
1340	106	86
1341	106	86
1342	106	84
1343	106	85
1344	105	85
1345	105	86
1346	106	85
1347	105	85
1348	105	85
1349	105	86
1350	105	85
1351	105	86
1352	105	85
1353	105	85
1354	105	86
1355	104	85
1356	104	86
1357	104	86
1358	104	86
1359	104	85
1360	104	85
1361	103	85
1362	104	86
1363	103	85
1364	103	85
1365	103	85
1366	103	85
1367	102	85
1368	103	85
1369	102	85
1370	102	85
1371	102	85
1372	101	85
1373	102	85
1374	102	85
1375	101	85
1376	101	85
1377	101	85
1378	101	85
1379	101	85
1380	101	85
1381	100	85
1382	100	85
1383	100	85
1384	100	85
1385	100	85
1386	100	85
1387	100	85
1388	100	85
1389	100	85
1390	100	85
1391	100	85
1392	99	85
1393	99	85
1394	100	85
1395	99	85
1396	100	85
1397	99	85
1398	99	85
1399	98	85
1400	99	85
1401	99	85
1402	98	85
1403	99	85
1404	99	85
1405	98	85
1406	98	85
1407	98	85
1408	98	85
1409	97	85
1410	98	85
1411	97	84
1412	97	85
1413	98	85
1414	97	85
1415	97	85
1416	97	85
1417	97	85
1418	97	85
1419	97	85
1420	97	85
1421	97	85
1422	97	85
1423	97	85
1424	97	85
1425	96	85
1426	97	85
1427	96	84
1428	96	84
1429	97	85
1430	96	85
1431	96	85
1432	96	85
1433	96	85
1434	96	85
1435	96	85
1436	96	84
1437	95	85
1438	95	84
1439	95	85
1440	95	85
1441	95	85
1442	96	85
1443	95	84
1444	95	84
1445	95	84
1446	95	84
1447	95	85
1448	95	84
1449	95	84
1450	94	84
1451	95	84
1452	94	84
1453	94	85
1454	94	85
1455	94	84
1456	94	84
1457	94	84
1458	94	84
1459	94	84
1460	94	84
1461	94	84
1462	94	84
1463	93	84
1464	94	85
1465	94	84
1466	93	84
1467	93	84
1468	93	84
1469	93	84
1470	93	84
1471	93	84
1472	92	84
1473	93	84
1474	93	85
1475	93	84
1476	92	84
1477	92	84
1478	92	84
1479	92	83
1480	92	84
1481	92	84
1482	92	84
1483	92	84
1484	92	84
1485	92	84
1486	92	84
1487	92	85
1488	92	86
1489	92	85
1490	92	86
1491	92	86
1492	92	86
1493	92	86
1494	92	86
1495	92	87
1496	92	87
1497	91	87
1498	92	87
1499	92	88
1500	92	88
1501	92	89
1502	92	89
1503	92	89
1504	92	89
1505	91	90
1506	92	90
1507	91	90
1508	91	90
1509	91	91
1510	91	91
1511	92	91
1512	92	92
1513	91	92
1514	92	91
1515	92	93
1516	91	92
1517	91	93
1518	91	93
1519	92	94
1520	92	94
1521	92	94
1522	92	95
1523	91	95
1524	92	95
1525	92	95
1526	92	95
1527	92	95
1528	91	96
1529	92	96
1530	92	97
1531	92	97
1532	92	97
1533	92	97
1534	92	98
1535	92	98
1536	92	98
1537	92	99
1538	92	99
1539	92	99
1540	92	100
1541	92	99
1542	92	99
1543	92	100
1544	93	101
1545	92	101
1546	93	101
1547	93	102
1548	93	101
1549	92	102
1550	93	103
1551	93	103
1552	93	103
1553	93	103
1554	94	104
1555	93	104
1556	93	105
1557	94	105
1558	93	105
1559	94	105
1560	93	105
1561	94	106
1562	94	106
1563	94	106
1564	94	107
1565	94	107
1566	94	107
1567	95	107
1568	95	108
1569	95	108
1570	95	109
1571	95	109
1572	95	109
1573	95	110
1574	95	110
1575	95	110
1576	95	110
1577	96	111
1578	96	111
1579	96	111
1580	96	111
1581	97	112
1582	96	112
1583	97	112
1584	97	113
1585	97	113
1586	97	114
1587	97	113
1588	97	114
1589	97	114
1590	97	115
1591	97	115
1592	97	115
1593	97	115
1594	97	115
1595	98	116
1596	98	116
1597	98	117
1598	98	117
1599	98	117
1600	99	117
1601	99	118
1602	99	118
1603	99	119
1604	99	119
1605	99	119
1606	99	119
1607	99	119
1608	100	120
1609	100	120
1610	100	121
1611	100	121
1612	100	121
1613	100	122
1614	100	122
1615	100	122
1616	100	122
1617	101	123
1618	101	123
1619	101	123
1620	101	123
1621	101	124
1622	101	124
1623	101	125
1624	102	125
1625	102	126
1626	102	126
1627	103	126
1628	103	127
1629	103	127
1630	103	127
1631	103	127
1632	103	127
1633	104	127
1634	105	127
1635	104	128
1636	104	129
1637	105	129
1638	105	129
1639	105	130
1640	105	130
1641	105	130
1642	105	130
1643	105	131
1644	105	131
1645	106	131
1646	106	131
1647	106	132
1648	106	132
1649	107	133
1650	107	133
1651	107	133
1652	107	134
1653	107	133
1654	108	134
1655	108	135
1656	108	135
1657	108	135
1658	108	135
1659	109	135
1660	109	136
1661	109	136
1662	109	137
1663	109	137
1664	110	137
1665	110	138
1666	110	138
1667	110	139
1668	110	138
1669	111	139
1670	111	139
1671	111	139
1672	111	140
1673	111	140
1674	112	141
1675	112	141
1676	112	141
1677	112	141
1678	113	142
1679	113	142
1680	113	142
1681	113	143
1682	113	143
1683	113	143
1684	114	144
1685	114	144
1686	114	145
1687	114	145
1688	114	145
1689	115	146
1690	115	146
1691	116	146
1692	116	146
1693	116	147
1694	116	147
1695	116	147
1696	116	147
1697	116	147
1698	117	148
1699	117	149
1700	117	149
1701	118	149
1702	118	149
1703	118	149
1704	119	150
1705	119	150
1706	119	150
1707	119	151
1708	119	151
1709	119	151
1710	120	151
1711	120	152
1712	120	153
1713	121	153
1714	121	153
1715	121	153
1716	121	154
1717	121	154
1718	122	154
1719	121	154
1720	122	155
1721	122	155
1722	123	155
1723	123	156
1724	123	156
1725	123	157
1726	124	157
1727	124	157
1728	124	158
1729	124	158
1730	125	158
1731	124	158
1732	125	159
1733	125	159
1734	125	159
1735	126	159
1736	126	159
1737	126	160
1738	126	161
1739	127	161
1740	127	162
1741	127	162
1742	128	162
1743	128	162
1744	129	163
1745	128	163
1746	129	163
1747	129	163
1748	129	163
1749	129	163
1750	129	165
1751	129	165
1752	130	165
1753	130	164
1754	131	165
1755	131	166
1756	131	166
1757	131	167
1758	132	167
1759	132	167
1760	132	167
1761	132	168
1762	133	168
1763	132	168
1764	133	169
1765	133	169
1766	133	169
1767	134	170
1768	134	170
1769	135	170
1770	134	170
1771	135	171
1772	135	171
1773	135	171
1774	136	172
1775	137	172
1776	137	172
1777	137	173
1778	137	174
1779	137	174
1780	137	174
1781	138	174
1782	138	175
1783	138	175
1784	138	175
1785	139	175
1786	139	175
1787	140	176
1788	140	175
1789	140	176
1790	140	177
1791	141	177
1792	141	177
1793	141	178
1794	141	179
1795	141	178
1796	142	179
1797	142	179
1798	143	179
1799	143	180
1800	143	179
1801	143	180
1802	143	180
1803	144	181
1804	144	181
1805	144	181
1806	145	182
1807	145	182
1808	145	183
1809	145	183
1810	146	183
1811	146	183
1812	146	182
1813	146	160
1814	146	134
1815	146	119
1816	146	110
1817	145	103
1818	145	99
1819	145	96
1820	144	94
1821	144	92
1822	144	91
1823	143	91
1824	143	90
1825	142	90
1826	142	90
1827	142	90
1828	141	90
1829	140	89
1830	140	89
1831	139	90
1832	139	89
1833	139	89
1834	138	89
1835	138	89
1836	138	89
1837	137	89
1838	137	89
1839	137	89
1840	137	89
1841	136	89
1842	136	89
1843	135	89
1844	135	89
1845	135	89
1846	135	89
1847	134	89
1848	133	88
1849	133	89
1850	133	89
1851	133	89
1852	132	89
1853	132	88
1854	132	88
1855	131	88
1856	131	88
1857	131	88
1858	130	88
1859	130	88
1860	130	88
1861	129	88
1862	129	88
1863	129	88
1864	129	87
1865	129	88
1866	128	88
1867	128	88
1868	127	87
1869	127	88
1870	127	87
1871	127	88
1872	126	87
1873	126	87
1874	126	87
1875	125	87
1876	125	88
1877	125	87
1878	125	87
1879	124	87
1880	124	88
1881	124	87
1882	124	87
1883	123	87
1884	123	87
1885	122	87
1886	122	87
1887	122	87
1888	122	87
1889	121	87
1890	121	87
1891	121	87
1892	121	87
1893	121	87
1894	120	87
1895	120	87
1896	120	87
1897	119	87
1898	119	87
1899	119	87
1900	119	87
1901	119	87
1902	119	87
1903	118	87
1904	117	87
1905	118	87
1906	118	87
1907	117	87
1908	117	86
1909	117	87
1910	117	87
1911	116	87
1912	116	86
1913	116	87
1914	116	86
1915	116	87
1916	116	87
1917	115	86
1918	115	87
1919	114	86
1920	114	86
1921	114	87
1922	114	86
1923	114	87
1924	113	86
1925	113	86
1926	113	86
1927	113	86
1928	113	86
1929	113	86
1930	113	86
1931	113	87
1932	112	86
1933	112	86
1934	111	86
1935	111	86
1936	111	86
1937	111	86
1938	111	86
1939	110	86
1940	110	86
1941	110	86
1942	110	85
1943	109	86
1944	110	86
1945	110	86
1946	109	86
1947	110	86
1948	109	86
1949	109	86
1950	109	86
1951	108	86
1952	108	86
1953	108	86
1954	108	86
1955	108	86
1956	108	86
1957	108	86
1958	107	86
1959	107	85
1960	107	85
1961	107	85
1962	107	85
1963	107	86
1964	106	85
1965	106	86
1966	106	85
1967	106	86
1968	106	85
1969	106	86
1970	105	86
1971	105	86
1972	105	85
1973	105	85
1974	105	85
1975	105	85
1976	105	85
1977	105	85
1978	105	85
1979	105	85
1980	104	85
1981	104	85
1982	104	85
1983	104	85
1984	104	85
1985	103	85
1986	104	85
1987	103	85
1988	103	85
1989	103	85
1990	103	85
1991	103	85
1992	102	85
1993	102	85
1994	102	85
1995	103	85
1996	102	85
1997	102	85
1998	102	85
1999	102	85
2000	101	85
2001	101	85
2002	102	85
2003	101	85
2004	101	85
2005	101	85
2006	100	85
2007	100	85
2008	100	85
2009	100	85
2010	100	85
2011	100	85
2012	100	85
2013	100	85
2014	100	85
2015	100	85
2016	100	85
2017	100	85
2018	100	85
2019	99	85
2020	99	85
2021	99	84
2022	99	85
2023	99	84
2024	99	85
2025	99	85
2026	99	85
2027	99	84
2028	99	85
2029	99	85
2030	98	85
2031	99	85
2032	98	85
2033	98	85
2034	98	85
2035	98	85
2036	98	85
2037	97	85
2038	97	85
2039	97	85
2040	97	85
2041	97	85
2042	97	85
2043	97	85
2044	97	85
2045	97	84
2046	97	85
2047	97	84
2048	97	85
2049	97	84
2050	97	85
2051	96	85
2052	96	85
2053	96	84
2054	97	84
2055	96	85
2056	96	84
2057	96	85
2058	95	85
2059	96	85
2060	96	84
2061	95	85
2062	95	84
2063	96	85
2064	96	84
2065	95	84
2066	96	85
2067	95	85
2068	95	84
2069	95	85
2070	95	84
2071	95	84
2072	95	84
2073	94	84
2074	95	85
2075	95	84
2076	94	84
2077	94	84
2078	94	84
2079	95	84
2080	94	84
2081	94	84
2082	94	84
2083	94	85
2084	94	84
2085	93	84
2086	94	85
2087	93	84
2088	93	84
2089	93	84
2090	93	84
2091	94	85
2092	93	84
2093	93	84
2094	93	84
2095	93	84
2096	93	83
2097	93	84
2098	93	84
2099	92	84
2100	93	84
2101	93	84
2102	93	84
2103	92	84
2104	93	84
2105	93	84
2106	92	84
2107	92	84
2108	92	84
2109	92	84
2110	92	84
2111	92	85
2112	92	85
2113	92	85
2114	92	85
2115	92	85
2116	92	86
2117	92	86
2118	92	86
2119	92	87
2120	92	87
2121	92	87
2122	92	87
2123	92	88
2124	92	88
2125	91	88
2126	92	89
2127	92	89
2128	92	89
2129	91	89
2130	92	89
2131	92	90
2132	91	90
2133	91	91
2134	92	90
2135	91	91
2136	91	91
2137	92	92
2138	92	92
2139	92	92
2140	91	93
2141	91	93
2142	92	93
2143	92	93
2144	91	94
2145	92	94
2146	92	94
2147	91	94
2148	91	95
2149	92	95
2150	92	95
2151	92	95
2152	92	96
2153	92	96
2154	92	96
2155	92	97
2156	92	96
2157	92	97
2158	92	97
2159	92	98
2160	92	98
2161	92	99
2162	92	99
2163	92	99
2164	92	98
2165	92	99
2166	92	99
2167	92	100
2168	92	100
2169	93	101
2170	92	101
2171	93	101
2172	93	102
2173	93	102
2174	92	102
2175	93	103
2176	93	103
2177	93	103
2178	93	103
2179	93	104
2180	93	104
2181	93	105
2182	93	104
2183	93	105
2184	93	105
2185	94	105
2186	94	106
2187	94	106
2188	94	106
2189	94	107
2190	94	107
2191	95	107
2192	95	107
2193	95	108
2194	95	109
2195	95	109
2196	95	109
2197	95	109
2198	95	110
2199	95	110
2200	95	110
2201	95	110
2202	95	110
2203	96	111
2204	96	111
2205	96	111
2206	96	111
2207	97	112
2208	96	112
2209	97	113
2210	97	113
2211	97	113
2212	97	114
2213	97	114
2214	97	114
2215	97	114
2216	97	115
2217	97	115
2218	97	115
2219	98	116
2220	98	116
2221	98	116
2222	98	117
2223	98	117
2224	98	117
2225	98	117
2226	99	118
2227	99	118
2228	99	118
2229	98	119
2230	99	119
2231	99	120
2232	99	119
2233	100	119
2234	100	120
2235	100	121
2236	100	121
2237	100	121
2238	100	122
2239	100	122
2240	100	122
2241	100	122
2242	101	123
2243	100	123
2244	101	123
2245	101	123
2246	101	123
2247	102	124
2248	102	124
2249	102	125
2250	102	125
2251	103	125
2252	103	126
2253	103	126
2254	103	126
2255	103	127
2256	103	127
2257	103	127
2258	104	128
2259	104	128
2260	104	129
2261	104	129
2262	105	129
2263	105	129
2264	105	130
2265	105	130
2266	105	130
2267	105	130
2268	105	131
2269	106	131
2270	106	131
2271	106	132
2272	106	132
2273	106	133
2274	107	132
2275	107	133
2276	107	133
2277	107	133
2278	107	134
2279	107	134
2280	108	135
2281	108	135
2282	108	135
2283	108	136
2284	108	135
2285	108	136
2286	109	137
2287	109	137
2288	109	137
2289	109	138
2290	109	137
2291	110	138
2292	110	138
2293	110	138
2294	110	139
2295	111	139
2296	111	139
2297	111	139
2298	111	140
2299	112	140
2300	112	141
2301	112	140
2302	112	141
2303	113	142
2304	113	142
2305	113	142
2306	113	143
2307	113	143
2308	113	143
2309	114	143
2310	114	144
2311	114	144
2312	114	144
2313	115	145
2314	115	145
2315	115	146
2316	115	146
2317	116	146
2318	116	147
2319	116	146
2320	116	147
2321	116	147
2322	117	148
2323	117	148
2324	117	149
2325	117	149
2326	118	149
2327	118	149
2328	118	150
2329	119	150
2330	119	150
2331	119	150
2332	119	150
2333	119	151
2334	119	151
2335	120	151
2336	120	151
2337	120	152
2338	121	153
2339	121	153
2340	121	153
2341	121	154
2342	121	154
2343	121	154
2344	122	154
2345	122	155
2346	122	155
2347	123	155
2348	123	156
2349	123	156
2350	123	157
2351	123	157
2352	124	157
2353	124	157
2354	124	158
2355	124	158
2356	125	158
2357	125	159
2358	125	159
2359	125	159
2360	126	159
2361	126	160
2362	126	160
2363	127	160
2364	127	161
2365	127	161
2366	127	161
2367	128	162
2368	128	162
2369	128	162
2370	129	163
2371	129	163
2372	129	163
2373	129	163
2374	129	163
2375	129	164
2376	129	165
2377	130	165
2378	130	165
2379	131	166
2380	131	166
2381	131	166
2382	131	167
2383	132	167
2384	132	167
2385	132	167
2386	132	168
2387	132	168
2388	133	168
2389	133	169
2390	133	169
2391	134	169
2392	134	170
2393	134	170
2394	134	170
2395	135	171
2396	135	171
2397	136	171
2398	136	171
2399	136	171
2400	136	172
2401	137	173
2402	137	173
2403	137	173
2404	137	173
2405	137	174
2406	137	174
2407	137	174
2408	138	175
2409	139	175
2410	139	175
2411	139	175
2412	139	176
2413	140	176
2414	140	177
2415	140	177
2416	141	177
2417	141	178
2418	141	178
2419	142	179
2420	142	178
2421	142	178
2422	142	179
2423	142	179
2424	143	180
2425	143	180
2426	143	180
2427	144	181
2428	144	181
2429	144	181
2430	145	181
2431	145	182
2432	145	182
2433	145	183
2434	145	183
2435	146	183
2436	146	183
2437	146	182
2438	146	159
2439	146	134
2440	146	120
2441	146	110
2442	145	103
2443	145	99
2444	144	96
2445	144	94
2446	144	93
2447	143	92
2448	143	91
2449	142	90
2450	142	91
2451	141	90
2452	142	90
2453	141	90
2454	140	89
2455	140	89
2456	140	89
2457	139	89
2458	139	89
2459	139	89
2460	138	89
2461	137	89
2462	137	89
2463	137	89
2464	137	89
2465	137	89
2466	137	89
2467	136	89
2468	135	89
2469	135	89
2470	135	89
2471	134	89
2472	134	89
2473	133	88
2474	134	89
2475	133	89
2476	132	89
2477	132	88
2478	132	89
2479	132	89
2480	131	88
2481	131	88
2482	131	88
2483	130	88
2484	130	88
2485	130	88
2486	129	88
2487	129	88
2488	129	88
2489	129	88
2490	128	87
2491	128	88
2492	128	88
2493	127	87
2494	127	88
2495	127	87
2496	127	88
2497	126	87
2498	126	87
2499	125	88
2500	125	87
2501	125	88
2502	125	87
2503	124	87
2504	124	87
2505	124	87
2506	124	87
2507	124	87
2508	123	87
2509	123	87
2510	123	87
2511	122	87
2512	122	87
2513	122	87
2514	122	87
2515	121	87
2516	121	87
2517	121	87
2518	121	87
2519	121	87
2520	120	87
2521	120	87
2522	119	87
2523	120	87
2524	119	86
2525	119	87
2526	119	87
2527	118	87
2528	118	87
2529	118	87
2530	118	87
2531	117	87
2532	117	87
2533	117	87
2534	117	87
2535	116	87
2536	116	87
2537	116	87
2538	116	86
2539	116	87
2540	116	87
2541	115	86
2542	115	86
2543	115	87
2544	114	86
2545	114	87
2546	115	86
2547	114	86
2548	114	86
2549	113	86
2550	113	87
2551	113	86
2552	113	86
2553	113	86
2554	113	86
2555	113	87
2556	112	86
2557	112	86
2558	112	86
2559	111	86
2560	111	86
2561	111	86
2562	111	86
2563	111	86
2564	111	86
2565	110	86
2566	110	86
2567	110	86
2568	110	86
2569	110	86
2570	109	86
2571	109	86
2572	109	86
2573	109	86
2574	109	86
2575	108	85
2576	109	86
2577	108	86
2578	109	86
2579	108	86
2580	108	86
2581	107	85
2582	108	86
2583	107	85
2584	107	86
2585	107	86
2586	107	85
2587	107	86
2588	107	86
2589	106	86
2590	106	86
2591	106	86
2592	106	85
2593	106	85
2594	106	86
2595	105	86
2596	105	86
2597	105	85
2598	105	86
2599	105	86
2600	105	85
2601	105	85
2602	105	85
2603	105	85
2604	104	85
2605	105	85
2606	104	85
2607	104	85
2608	104	86
2609	104	85
2610	104	85
2611	103	85
2612	103	85
2613	103	85
2614	103	86
2615	102	85
2616	103	85
2617	103	86
2618	103	85
2619	103	85
2620	102	85
2621	102	85
2622	102	85
2623	102	85
2624	102	85
2625	101	85
2626	101	85
2627	101	85
2628	101	85
2629	101	85
2630	100	85
2631	100	85
2632	101	85
2633	100	85
2634	100	85
2635	100	85
2636	100	85
2637	100	85
2638	100	85
2639	100	85
2640	100	85
2641	99	85
2642	100	85
2643	100	85
2644	99	85
2645	100	85
2646	99	85
2647	99	85
2648	99	85
2649	99	85
2650	99	85
2651	99	85
2652	99	85
2653	99	85
2654	99	85
2655	98	85
2656	98	85
2657	98	85
2658	98	85
2659	98	85
2660	97	84
2661	98	85
2662	98	85
2663	98	85
2664	97	85
2665	97	84
2666	97	84
2667	97	85
2668	97	85
2669	97	84
2670	97	85
2671	97	85
2672	97	85
2673	97	85
2674	97	85
2675	97	85
2676	96	84
2677	96	85
2678	96	84
2679	97	85
2680	96	85
2681	96	85
2682	96	84
2683	96	85
2684	96	85
2685	96	84
2686	95	85
2687	95	84
2688	95	84
2689	95	84
2690	96	84
2691	95	84
2692	95	84
2693	95	84
2694	95	84
2695	95	84
2696	95	84
2697	95	84
2698	95	84
2699	95	84
2700	94	85
2701	95	84
2702	94	85
2703	94	84
2704	94	84
2705	94	84
2706	94	84
2707	94	84
2708	94	84
2709	94	84
2710	93	84
2711	94	84
2712	93	83
2713	94	84
2714	94	84
2715	94	84
2716	93	84
2717	93	84
2718	93	84
2719	93	84
2720	93	84
2721	93	85
2722	93	84
2723	93	84
2724	93	84
2725	93	84
2726	93	84
2727	92	84
2728	92	84
2729	92	84
2730	92	84
2731	93	84
2732	92	84
2733	92	84
2734	92	84
2735	92	84
2736	92	84
2737	92	85
2738	92	85
2739	92	85
2740	92	86
2741	92	86
2742	92	86
2743	92	86
2744	92	87
2745	92	87
2746	91	87
2747	92	87
2748	92	87
2749	91	88
2750	91	88
2751	92	89
2752	91	89
2753	91	89
2754	92	89
2755	92	90
2756	92	90
2757	92	90
2758	92	90
2759	92	91
2760	91	91
2761	91	91
2762	92	91
2763	92	92
2764	91	91
2765	91	92
2766	91	93
2767	92	93
2768	92	94
2769	92	94
2770	92	94
2771	91	94
2772	92	95
2773	91	95
2774	91	95
2775	92	95
2776	91	95
2777	91	96
2778	92	96
2779	92	97
2780	92	97
2781	92	96
2782	92	97
2783	92	98
2784	92	98
2785	92	98
2786	92	98
2787	92	99
2788	92	99
2789	92	99
2790	92	99
2791	92	100
2792	92	100
2793	92	101
2794	93	101
2795	93	101
2796	93	102
2797	92	102
2798	93	102
2799	93	102
2800	93	103
2801	93	103
2802	93	103
2803	93	103
2804	93	103
2805	93	103
2806	93	105
2807	94	105
2808	94	105
2809	94	105
2810	93	105
2811	94	106
2812	94	106
2813	94	106
2814	94	106
2815	94	107
2816	94	107
2817	94	107
2818	95	108
2819	95	108
2820	95	109
2821	95	109
2822	95	109
2823	95	110
2824	95	110
2825	95	110
2826	95	110
2827	96	111
2828	96	111
2829	96	111
2830	96	111
2831	96	112
2832	96	112
2833	97	113
2834	97	113
2835	97	113
2836	97	113
2837	97	114
2838	97	114
2839	97	115
2840	97	115
2841	97	115
2842	97	115
2843	98	115
2844	97	116
2845	98	116
2846	98	117
2847	98	116
2848	98	117
2849	98	117
2850	99	117
2851	98	118
2852	98	118
2853	99	118
2854	99	119
2855	99	119
2856	99	119
2857	100	119
2858	100	121
2859	100	121
2860	100	121
2861	100	121
2862	100	121
2863	100	122
2864	100	122
2865	101	123
2866	101	123
2867	101	122
2868	101	123
2869	101	123
2870	101	124
2871	101	124
2872	102	124
2873	102	125
2874	102	125
2875	103	125
2876	103	126
2877	103	126
2878	102	126
2879	103	126
2880	103	127
2881	103	127
2882	104	127
2883	104	128
2884	104	127
2885	104	128
2886	104	129
2887	105	129
2888	105	129
2889	105	130
2890	105	130
2891	105	130
2892	105	130
2893	105	131
2894	105	131
2895	106	131
2896	105	131
2897	106	132
2898	107	133
2899	106	132
2900	107	133
2901	106	133
2902	107	133
2903	107	133
2904	107	134
2905	107	134
2906	108	135
2907	109	135
2908	108	135
2909	108	136
2910	108	136
2911	109	136
2912	109	137
2913	109	137
2914	110	137
2915	110	137
2916	110	138
2917	110	138
2918	110	138
2919	111	139
2920	111	139
2921	111	139
2922	111	140
2923	112	140
2924	112	141
2925	112	141
2926	112	142
2927	113	142
2928	113	142
2929	113	142
2930	113	143
2931	113	142
2932	113	143
2933	113	143
2934	114	144
2935	114	143
2936	114	144
2937	114	144
2938	115	145
2939	115	145
2940	115	145
2941	115	146
2942	116	146
2943	116	147
2944	116	147
2945	116	147
2946	117	147
2947	116	148
2948	117	148
2949	117	148
2950	118	149
2951	117	149
2952	118	149
2953	118	150
2954	119	150
2955	119	151
2956	119	151
2957	119	151
2958	119	151
2959	120	151
2960	120	152
2961	120	152
2962	120	153
2963	121	153
2964	121	153
2965	121	153
2966	121	154
2967	121	154
2968	121	154
2969	121	155
2970	122	155
2971	123	155
2972	122	155
2973	123	156
2974	123	156
2975	124	156
2976	124	157
2977	124	157
2978	124	158
2979	124	158
2980	124	158
2981	124	159
2982	125	159
2983	125	159
2984	125	159
2985	126	159
2986	126	159
2987	126	160
2988	127	161
2989	127	161
2990	127	162
2991	127	162
2992	127	162
2993	128	162
2994	129	163
2995	128	163
2996	129	163
2997	129	163
2998	129	163
2999	129	164
3000	129	164
3001	129	164
3002	130	165
3003	131	165
3004	130	165
3005	131	166
3006	131	166
3007	131	166
3008	131	167
3009	132	167
3010	132	167
3011	132	168
3012	132	167
3013	133	168
3014	133	169
3015	133	169
3016	133	170
3017	134	170
3018	134	170
3019	135	170
3020	135	170
3021	135	170
3022	136	171
3023	135	171
3024	136	171
3025	136	172
3026	137	173
3027	137	173
3028	137	173
3029	137	174
3030	137	173
3031	138	174
3032	138	174
3033	138	175
3034	138	175
3035	139	175
3036	139	175
3037	139	176
3038	139	176
3039	140	177
3040	140	177
3041	140	177
3042	141	178
3043	141	178
3044	141	178
3045	141	178
3046	142	179
3047	142	179
3048	142	179
3049	143	180
3050	143	180
3051	144	180
3052	144	181
3053	144	181
3054	144	181
3055	145	181
3056	145	182
3057	145	183
3058	146	182
3059	145	183
3060	145	183
3061	146	184
3062	146	182
3063	146	159
3064	146	134
3065	146	120
3066	145	110
3067	145	103
3068	145	99
3069	145	96
3070	145	94
3071	144	93
3072	143	91
3073	143	91
3074	143	91
3075	142	90
3076	141	90
3077	141	90
3078	140	90
3079	141	89
3080	140	90
3081	140	89
3082	139	90
3083	139	90
3084	139	89
3085	138	89
3086	138	89
3087	138	89
3088	137	89
3089	137	89
3090	137	89
3091	136	89
3092	135	89
3093	135	89
3094	135	89
3095	135	89
3096	134	89
3097	134	89
3098	133	89
3099	134	89
3100	133	89
3101	133	88
3102	132	89
3103	132	89
3104	132	89
3105	131	88
3106	132	88
3107	131	88
3108	131	88
3109	130	88
3110	130	88
3111	129	88
3112	129	88
3113	129	88
3114	129	88
3115	129	88
3116	128	87
3117	128	87
3118	127	87
3119	127	88
3120	127	87
3121	127	88
3122	127	88
3123	125	87
3124	126	87
3125	125	87
3126	125	87
3127	124	87
3128	124	87
3129	124	87
3130	124	87
3131	124	87
3132	124	88
3133	123	87
3134	123	87
3135	123	87
3136	122	87
3137	122	87
3138	122	87
3139	122	87
3140	121	87
3141	121	87
3142	121	87
3143	121	87
3144	120	87
3145	120	87
3146	120	87
3147	120	87
3148	119	87
3149	119	87
3150	119	87
3151	119	87
3152	118	87
3153	119	87
3154	118	87
3155	118	87
3156	117	87
3157	117	87
3158	117	86
3159	117	87
3160	116	87
3161	116	87
3162	116	87
3163	116	87
3164	116	87
3165	116	87
3166	116	87
3167	115	87
3168	115	87
3169	114	87
3170	115	87
3171	114	86
3172	114	86
3173	113	86
3174	113	86
3175	113	86
3176	113	86
3177	113	86
3178	113	86
3179	113	86
3180	113	86
3181	112	86
3182	112	86
3183	112	86
3184	111	87
3185	111	86
3186	112	86
3187	111	86
3188	111	87
3189	111	86
3190	110	86
3191	110	86
3192	110	85
3193	110	86
3194	110	86
3195	110	86
3196	109	86
3197	109	86
3198	109	86
3199	109	86
3200	108	86
3201	108	86
3202	109	86
3203	108	86
3204	108	86
3205	108	85
3206	108	86
3207	107	86
3208	107	85
3209	107	85
3210	107	86
3211	108	86
3212	107	86
3213	107	86
3214	106	85
3215	106	86
3216	106	85
3217	106	86
3218	106	86
3219	106	85
3220	105	86
3221	105	85
3222	105	85
3223	105	86
3224	105	85
3225	105	85
3226	105	85
3227	105	86
3228	105	86
3229	104	85
3230	104	86
3231	104	85
3232	104	85
3233	104	86
3234	104	86
3235	103	85
3236	103	85
3237	103	85
3238	103	85
3239	103	85
3240	103	85
3241	103	85
3242	102	85
3243	103	85
3244	102	85
3245	102	85
3246	102	85
3247	102	85
3248	102	85
3249	101	85
3250	102	85
3251	101	85
3252	101	85
3253	101	85
3254	100	85
3255	100	85
3256	101	85
3257	101	85
3258	100	85
3259	100	85
3260	100	85
3261	100	85
3262	100	85
3263	100	85
3264	100	85
3265	100	85
3266	100	85
3267	99	85
3268	100	85
3269	99	85
3270	99	85
3271	99	85
3272	99	85
3273	99	85
3274	99	85
3275	99	85
3276	99	85
3277	99	85
3278	99	85
3279	98	85
3280	98	85
3281	98	85
3282	98	85
3283	98	85
3284	98	85
3285	98	85
3286	97	85
3287	97	84
3288	97	85
3289	97	85
3290	97	85
3291	97	85
3292	97	85
3293	97	85
3294	97	84
3295	97	85
3296	97	85
3297	97	84
3298	97	85
3299	97	85
3300	97	85
3301	97	84
3302	97	85
3303	96	84
3304	96	85
3305	96	84
3306	96	84
3307	96	85
3308	96	85
3309	96	84
3310	96	84
3311	95	85
3312	95	84
3313	95	84
3314	95	85
3315	95	85
3316	95	84
3317	95	84
3318	95	84
3319	95	84
3320	95	85
3321	95	85
3322	95	85
3323	95	85
3324	95	84
3325	95	84
3326	95	84
3327	94	85
3328	94	84
3329	94	84
3330	95	84
3331	94	84
3332	94	84
3333	94	84
3334	94	84
3335	94	84
3336	93	84
3337	94	84
3338	94	84
3339	94	84
3340	94	85
3341	93	84
3342	93	84
3343	93	84
3344	93	84
3345	93	84
3346	93	84
3347	93	84
3348	93	85
3349	92	84
3350	93	84
3351	92	84
3352	92	84
3353	92	84
3354	92	84
3355	92	84
3356	92	84
3357	92	84
3358	92	84
3359	92	84
3360	92	84
3361	92	85
3362	92	85
3363	92	84
3364	92	85
3365	92	86
3366	92	85
3367	92	86
3368	92	86
3369	92	87
3370	92	87
3371	92	87
3372	92	87
3373	92	87
3374	91	88
3375	92	89
3376	92	89
3377	91	89
3378	92	89
3379	91	89
3380	92	89
3381	91	90
3382	91	90
3383	91	91
3384	91	91
3385	92	91
3386	91	91
3387	92	92
3388	92	92
3389	91	92
3390	92	93
3391	91	93
3392	91	93
3393	92	93
3394	92	94
3395	92	94
3396	92	94
3397	91	94
3398	92	95
3399	92	95
3400	92	95
3401	92	95
3402	92	95
3403	92	96
3404	92	97
3405	92	96
3406	92	97
3407	92	97
3408	92	98
3409	92	98
3410	93	98
3411	92	98
3412	92	98
3413	92	99
3414	92	99
3415	92	99
3416	92	99
3417	92	100
3418	92	100
3419	93	101
3420	92	101
3421	92	101
3422	93	102
3423	93	102
3424	93	102
3425	93	103
3426	93	103
3427	93	103
3428	93	103
3429	93	103
3430	93	104
3431	93	104
3432	93	104
3433	94	105
3434	93	105
3435	94	105
3436	94	106
3437	94	106
3438	94	107
3439	94	107
3440	94	107
3441	94	107
3442	95	108
3443	94	108
3444	95	108
3445	95	109
3446	95	109
3447	95	109
3448	95	110
3449	95	109
3450	95	110
3451	96	110
3452	95	111
3453	96	111
3454	96	111
3455	96	111
3456	96	111
3457	96	112
3458	97	112
3459	97	113
3460	97	113
3461	97	113
3462	97	113
3463	97	114
3464	97	114
3465	97	114
3466	97	115
3467	98	115
3468	97	115
3469	97	116
3470	98	116
3471	98	117
3472	98	117
3473	98	117
3474	99	117
3475	98	117
3476	98	118
3477	99	119
3478	99	119
3479	99	119
3480	99	119
3481	99	119
3482	100	119
3483	100	119
3484	100	121
3485	100	121
3486	100	121
3487	100	121
3488	100	122
3489	100	122
3490	101	122
3491	100	123
3492	100	123
3493	101	123
3494	101	123
3495	101	123
3496	101	123
3497	102	124
3498	102	125
3499	102	125
3500	102	125
3501	103	125
3502	103	126
3503	103	126
3504	103	127
3505	103	127
3506	104	127
3507	103	127
3508	104	127
3509	104	129
3510	104	128
3511	105	128
3512	105	129
3513	105	129
3514	105	130
3515	105	130
3516	105	130
3517	105	130
3518	105	130
3519	105	131
3520	105	131
3521	106	132
3522	107	132
3523	106	132
3524	106	133
3525	107	133
3526	107	133
3527	107	133
3528	107	134
3529	108	134
3530	108	134
3531	108	135
3532	108	135
3533	108	136
3534	108	135
3535	108	136
3536	109	137
3537	109	137
3538	109	137
3539	109	137
3540	109	138
3541	110	138
3542	110	138
3543	110	139
3544	110	139
3545	111	139
3546	111	139
3547	112	140
3548	111	140
3549	112	140
3550	112	141
3551	112	141
3552	113	141
3553	113	142
3554	113	142
3555	113	142
3556	113	143
3557	113	143
3558	113	143
3559	114	144
3560	114	144
3561	114	144
3562	114	144
3563	115	145
3564	115	145
3565	115	145
3566	116	146
3567	116	146
3568	116	147
3569	116	146
3570	116	147
3571	116	147
3572	116	148
3573	117	148
3574	117	149
3575	117	149
3576	117	149
3577	118	149
3578	118	149
3579	119	150
3580	119	150
3581	119	151
3582	119	151
3583	120	151
3584	120	151
3585	120	151
3586	121	151
3587	120	152
3588	121	152
3589	121	153
3590	121	154
3591	121	154
3592	121	154
3593	121	154
3594	122	155
3595	122	155
3596	122	155
3597	123	155
3598	123	156
3599	123	156
3600	124	157
3601	123	157
3602	124	157
3603	124	157
3604	124	158
3605	125	158
3606	125	158
3607	125	159
3608	125	159
3609	125	159
3610	125	159
3611	126	160
3612	126	160
3613	126	161
3614	127	160
3615	127	161
3616	127	161
3617	128	162
3618	128	162
3619	128	163
3620	128	162
3621	129	163
3622	129	163
3623	129	163
3624	129	164
3625	130	164
3626	129	164
3627	131	165
3628	130	165
3629	131	166
3630	131	166
3631	131	166
3632	132	167
3633	131	167
3634	132	167
3635	132	167
3636	132	168
3637	132	168
3638	133	168
3639	133	168
3640	133	169
3641	134	170
3642	134	170
3643	135	170
3644	134	170
3645	135	171
3646	135	170
3647	135	171
3648	136	171
3649	136	171
3650	137	172
3651	136	172
3652	137	173
3653	137	173
3654	137	173
3655	137	173
3656	137	174
3657	138	174
3658	138	175
3659	139	175
3660	139	175
3661	139	175
3662	139	176
3663	140	177
3664	140	177
3665	140	177
3666	141	177
3667	141	178
3668	141	178
3669	141	178
3670	141	179
3671	141	178
3672	142	179
3673	142	179
3674	143	180
3675	143	180
3676	143	180
3677	143	181
3678	143	181
3679	144	181
3680	145	182
3681	145	182
3682	145	183
3683	145	183
3684	145	183
3685	146	183
3686	146	183
3687	147	182
3688	147	160
3689	146	134
3690	146	120
3691	146	111
3692	145	103
3693	145	99
3694	144	96
3695	144	94
3696	144	93
3697	143	91
3698	143	91
3699	143	90
3700	142	90
3701	142	90
3702	141	90
3703	141	90
3704	140	90
3705	140	89
3706	140	89
3707	140	89
3708	139	89
3709	138	89
3710	138	89
3711	138	89
3712	138	89
3713	137	89
3714	137	89
3715	137	89
3716	136	89
3717	136	89
3718	135	89
3719	135	89
3720	135	89
3721	134	89
3722	134	89
3723	134	88
3724	133	88
3725	133	89
3726	132	88
3727	132	89
3728	132	89
3729	131	88
3730	132	88
3731	132	88
3732	131	88
3733	130	88
3734	130	88
3735	130	88
3736	129	88
3737	129	88
3738	129	88
3739	129	88
3740	128	87
3741	128	88
3742	127	88
3743	127	87
3744	127	87
3745	127	88
3746	127	88
3747	127	88
3748	125	87
3749	126	87
3750	125	87
3751	125	87
3752	124	87
3753	124	87
3754	124	87
3755	124	87
3756	124	87
3757	124	87
3758	123	87
3759	123	87
3760	123	87
3761	122	87
3762	122	87
3763	122	87
3764	122	87
3765	121	87
3766	121	87
3767	121	87
3768	121	87
3769	120	87
3770	120	87
3771	120	87
3772	120	87
3773	119	87
3774	119	87
3775	119	87
3776	119	87
3777	118	87
3778	119	87
3779	118	87
3780	118	87
3781	117	87
3782	117	87
3783	117	87
3784	117	86
3785	116	87
3786	116	87
3787	117	87
3788	116	86
3789	116	87
3790	116	87
3791	115	86
3792	115	86
3793	115	87
3794	115	86
3795	115	86
3796	114	87
3797	114	86
3798	113	87
3799	113	86
3800	113	86
3801	113	86
3802	113	86
3803	113	87
3804	113	87
3805	113	86
3806	112	86
3807	112	87
3808	112	85
3809	111	86
3810	112	86
3811	111	86
3812	111	86
3813	111	86
3814	110	86
3815	110	86
3816	110	86
3817	110	86
3818	110	86
3819	110	86
3820	109	86
3821	109	86
3822	109	86
3823	109	86
3824	109	86
3825	108	86
3826	109	85
3827	108	86
3828	108	86
3829	108	86
3830	108	86
3831	108	86
3832	107	86
3833	107	86
3834	107	86
3835	107	86
3836	107	86
3837	107	86
3838	107	86
3839	107	85
3840	106	86
3841	106	86
3842	106	85
3843	105	85
3844	105	85
3845	105	85
3846	105	85
3847	105	85
3848	105	86
3849	105	86
3850	105	85
3851	105	86
3852	105	85
3853	105	86
3854	104	86
3855	104	85
3856	104	85
3857	104	85
3858	104	86
3859	103	85
3860	103	85
3861	103	85
3862	103	85
3863	103	85
3864	103	85
3865	103	85
3866	103	85
3867	103	85
3868	103	85
3869	102	85
3870	102	85
3871	102	85
3872	102	85
3873	101	85
3874	102	85
3875	101	85
3876	101	85
3877	100	85
3878	101	85
3879	100	85
3880	100	85
3881	101	85
3882	100	85
3883	101	85
3884	100	85
3885	100	85
3886	100	85
3887	100	85
3888	100	85
3889	100	85
3890	100	85
3891	100	85
3892	100	85
3893	100	84
3894	99	84
3895	99	85
3896	99	85
3897	99	85
3898	99	85
3899	99	85
3900	99	85
3901	99	85
3902	99	85
3903	99	85
3904	98	85
3905	98	85
3906	99	85
3907	98	85
3908	98	85
3909	98	85
3910	98	85
3911	97	84
3912	97	85
3913	98	84
3914	97	85
3915	98	85
3916	97	85
3917	97	85
3918	97	85
3919	97	85
3920	97	85
3921	97	85
3922	97	85
3923	97	85
3924	97	85
3925	97	85
3926	96	84
3927	96	85
3928	96	84
3929	96	84
3930	96	84
3931	96	85
3932	96	85
3933	96	85
3934	96	85
3935	96	85
3936	96	85
3937	96	84
3938	96	85
3939	96	85
3940	95	84
3941	95	85
3942	95	85
3943	95	84
3944	95	84
3945	95	83
3946	95	84
3947	95	84
3948	94	85
3949	95	85
3950	94	84
3951	95	84
3952	95	84
3953	94	85
3954	94	85
3955	94	84
3956	94	84
3957	94	84
3958	93	84
3959	94	84
3960	94	85
3961	93	84
3962	94	84
3963	94	84
3964	93	84
3965	93	84
3966	93	84
3967	93	84
3968	93	84
3969	93	84
3970	94	84
3971	93	84
3972	92	84
3973	93	84
3974	93	84
3975	93	84
3976	92	84
3977	92	84
3978	92	84
3979	93	84
3980	92	83
3981	92	84
3982	92	84
3983	93	84
3984	92	85
3985	92	85
3986	92	84
3987	92	85
3988	92	85
3989	92	86
3990	92	85
3991	92	86
3992	92	86
3993	92	86
3994	91	87
3995	92	87
3996	92	87
3997	92	87
3998	91	88
3999	92	88
4000	91	88
4001	91	89
4002	92	89
4003	92	89
4004	92	89
4005	92	90
4006	91	90
4007	91	90
4008	92	90
4009	91	91
4010	91	91
4011	92	91
4012	92	92
4013	92	92
4014	92	92
4015	92	93
4016	91	93
4017	92	93
4018	91	94
4019	92	94
4020	91	94
4021	91	94
4022	92	95
4023	92	95
4024	92	95
4025	92	95
4026	92	95
4027	92	96
4028	92	96
4029	92	97
4030	92	97
4031	91	96
4032	92	97
4033	92	97
4034	92	97
4035	92	98
4036	92	98
4037	92	98
4038	92	99
4039	92	99
4040	92	99
4041	92	99
4042	92	100
4043	93	100
4044	92	101
4045	92	101
4046	92	102
4047	92	102
4048	93	101
4049	93	102
4050	93	103
4051	93	103
4052	93	103
4053	93	103
4054	93	103
4055	93	103
4056	93	104
4057	93	105
4058	94	105
4059	94	105
4060	94	106
4061	94	106
4062	94	106
4063	94	106
4064	94	107
4065	94	107
4066	95	107
4067	94	108
4068	95	108
4069	95	108
4070	94	109
4071	95	109
4072	95	109
4073	95	110
4074	95	110
4075	95	110
4076	95	110
4077	95	110
4078	96	111
4079	96	111
4080	96	111
4081	96	112
4082	96	111
4083	97	113
4084	97	113
4085	97	113
4086	97	113
4087	97	114
4088	97	114
4089	97	114
4090	97	114
4091	97	115
4092	97	115
4093	97	115
4094	97	115
4095	98	116
