
TIME STEP:
125 = 20us

VOLTAGE STEP:
CH1:  32 = 0.3V
CH2:  32 = 0.3V
GND	138	132
N	CH1	CH2

0	124	92
1	125	91
2	124	91
3	124	91
4	124	90
5	123	91
6	123	91
7	123	90
8	123	90
9	123	90
10	122	90
11	122	90
12	122	90
13	121	90
14	121	90
15	121	90
16	121	90
17	121	89
18	121	89
19	120	89
20	120	89
21	120	88
22	119	89
23	119	88
24	120	89
25	119	88
26	119	88
27	118	88
28	118	88
29	118	88
30	117	88
31	117	88
32	117	88
33	117	88
34	117	87
35	116	87
36	116	87
37	116	87
38	116	87
39	115	87
40	116	87
41	115	87
42	115	87
43	115	87
44	115	87
45	115	87
46	114	87
47	114	87
48	113	87
49	113	87
50	113	87
51	113	87
52	113	87
53	113	87
54	113	87
55	112	86
56	113	87
57	112	87
58	112	87
59	112	87
60	111	87
61	111	86
62	111	86
63	111	86
64	111	86
65	111	86
66	110	86
67	110	86
68	110	86
69	110	86
70	110	86
71	109	86
72	110	86
73	109	86
74	109	86
75	108	86
76	108	86
77	108	86
78	108	86
79	108	86
80	108	85
81	108	86
82	108	85
83	107	86
84	107	86
85	107	86
86	107	86
87	107	85
88	107	86
89	106	85
90	106	86
91	106	86
92	106	86
93	106	86
94	105	85
95	105	86
96	105	86
97	106	86
98	105	86
99	105	86
100	105	86
101	105	85
102	105	86
103	105	85
104	105	86
105	104	85
106	104	85
107	104	85
108	104	85
109	103	85
110	104	85
111	103	85
112	103	85
113	104	85
114	103	86
115	103	85
116	103	85
117	103	85
118	102	85
119	102	85
120	103	85
121	102	85
122	102	85
123	102	85
124	101	85
125	101	85
126	101	85
127	101	85
128	101	85
129	101	85
130	100	85
131	100	85
132	100	86
133	101	85
134	100	85
135	100	85
136	100	85
137	100	85
138	100	85
139	100	85
140	100	85
141	100	85
142	100	85
143	100	85
144	99	85
145	99	85
146	99	85
147	99	85
148	99	85
149	99	85
150	99	85
151	99	85
152	99	85
153	99	85
154	99	85
155	99	85
156	99	85
157	98	85
158	98	84
159	98	84
160	98	85
161	98	85
162	98	85
163	98	85
164	97	85
165	97	85
166	97	85
167	97	85
168	97	85
169	97	85
170	97	85
171	97	85
172	97	85
173	97	84
174	96	85
175	96	84
176	97	85
177	97	85
178	96	85
179	96	85
180	96	85
181	96	85
182	96	85
183	95	85
184	96	85
185	95	84
186	96	84
187	95	84
188	95	84
189	96	85
190	95	84
191	95	84
192	95	84
193	95	85
194	95	84
195	95	85
196	95	84
197	95	84
198	95	84
199	94	85
200	95	84
201	94	84
202	94	85
203	94	84
204	94	84
205	94	84
206	94	85
207	94	84
208	94	84
209	94	84
210	94	84
211	94	85
212	94	84
213	93	84
214	93	84
215	93	84
216	94	84
217	93	84
218	93	84
219	93	84
220	93	83
221	93	85
222	93	84
223	93	84
224	92	84
225	93	84
226	92	84
227	92	84
228	93	84
229	92	84
230	92	84
231	92	85
232	93	84
233	92	85
234	92	84
235	92	84
236	92	84
237	92	84
238	92	84
239	92	84
240	92	84
241	92	84
242	92	84
243	92	84
244	92	84
245	92	84
246	92	84
247	91	84
248	92	85
249	92	85
250	91	85
251	91	85
252	91	84
253	91	85
254	91	84
255	91	85
256	91	85
257	92	85
258	91	84
259	91	85
260	91	83
261	91	84
262	91	85
263	91	85
264	91	85
265	91	85
266	90	85
267	90	85
268	90	85
269	90	85
270	91	85
271	90	85
272	90	85
273	91	85
274	90	85
275	90	85
276	90	85
277	90	85
278	90	85
279	90	85
280	90	85
281	90	85
282	90	85
283	90	86
284	90	86
285	90	85
286	89	85
287	90	86
288	90	85
289	90	86
290	90	86
291	90	86
292	89	86
293	90	86
294	89	86
295	89	86
296	90	86
297	89	86
298	89	87
299	89	87
300	89	87
301	89	87
302	89	87
303	89	87
304	89	87
305	90	87
306	89	87
307	90	87
308	89	87
309	89	87
310	89	88
311	89	88
312	89	89
313	89	89
314	89	88
315	89	89
316	89	89
317	89	89
318	89	89
319	89	89
320	89	90
321	89	90
322	89	90
323	89	91
324	89	91
325	89	91
326	89	91
327	89	91
328	89	92
329	90	92
330	89	92
331	89	93
332	89	93
333	89	93
334	89	94
335	89	94
336	90	95
337	90	95
338	90	95
339	90	95
340	90	95
341	90	96
342	90	97
343	90	97
344	90	97
345	90	98
346	90	98
347	90	98
348	90	99
349	90	99
350	90	100
351	91	100
352	91	101
353	91	102
354	91	102
355	91	103
356	91	103
357	91	104
358	91	104
359	92	105
360	91	106
361	92	106
362	91	107
363	91	107
364	92	108
365	92	109
366	92	110
367	92	110
368	92	111
369	93	111
370	93	112
371	93	113
372	93	114
373	93	115
374	93	115
375	93	116
376	93	117
377	94	117
378	94	118
379	94	119
380	94	119
381	94	120
382	95	121
383	95	122
384	95	123
385	96	124
386	95	125
387	96	126
388	96	127
389	96	127
390	97	128
391	97	129
392	97	130
393	97	131
394	97	133
395	98	133
396	98	134
397	98	134
398	98	136
399	99	137
400	99	138
401	100	139
402	100	139
403	100	140
404	100	141
405	101	142
406	100	144
407	101	145
408	102	146
409	102	147
410	102	148
411	102	148
412	103	149
413	103	150
414	104	151
415	103	152
416	104	153
417	105	154
418	105	155
419	105	156
420	106	156
421	106	158
422	106	159
423	107	159
424	108	161
425	108	161
426	108	162
427	108	163
428	109	163
429	109	165
430	110	165
431	110	166
432	110	167
433	111	167
434	111	169
435	111	169
436	112	169
437	112	170
438	113	171
439	113	172
440	114	173
441	114	173
442	115	174
443	115	174
444	116	175
445	116	175
446	116	176
447	117	176
448	118	177
449	119	177
450	118	178
451	119	179
452	119	179
453	120	180
454	120	180
455	121	180
456	121	181
457	121	181
458	122	181
459	122	181
460	123	182
461	123	182
462	124	182
463	124	182
464	124	182
465	125	182
466	125	182
467	126	183
468	126	183
469	127	182
470	127	183
471	128	182
472	128	182
473	128	182
474	129	182
475	129	182
476	129	182
477	129	182
478	130	182
479	130	181
480	131	181
481	132	181
482	131	181
483	132	180
484	132	180
485	132	180
486	133	179
487	133	179
488	134	178
489	134	177
490	134	177
491	134	177
492	135	176
493	135	176
494	135	175
495	136	175
496	136	174
497	137	174
498	137	173
499	137	172
500	137	171
501	137	171
502	137	170
503	138	169
504	138	169
505	138	168
506	138	167
507	138	167
508	139	165
509	139	165
510	139	164
511	139	163
512	140	163
513	140	162
514	140	161
515	140	160
516	141	159
517	140	158
518	140	157
519	140	157
520	140	156
521	141	155
522	141	154
523	141	153
524	141	153
525	140	151
526	141	150
527	141	150
528	141	148
529	141	148
530	141	147
531	141	146
532	142	145
533	141	144
534	141	143
535	142	142
536	142	141
537	142	140
538	141	139
539	141	138
540	141	137
541	142	136
542	141	135
543	142	135
544	141	134
545	141	133
546	141	132
547	141	131
548	141	131
549	141	130
550	141	129
551	141	128
552	140	127
553	140	126
554	140	126
555	140	125
556	140	123
557	140	123
558	140	123
559	139	121
560	139	121
561	139	120
562	139	119
563	139	118
564	138	118
565	138	117
566	138	116
567	138	115
568	138	115
569	138	114
570	138	113
571	138	113
572	137	112
573	137	111
574	137	111
575	137	111
576	136	110
577	137	109
578	136	109
579	136	108
580	136	107
581	136	107
582	136	106
583	135	106
584	135	105
585	134	105
586	134	103
587	134	103
588	134	103
589	133	102
590	134	102
591	133	102
592	133	101
593	133	101
594	132	100
595	132	100
596	132	99
597	132	99
598	131	99
599	131	98
600	131	98
601	131	97
602	131	97
603	130	97
604	130	97
605	130	97
606	129	96
607	129	96
608	129	95
609	129	95
610	129	95
611	128	95
612	128	94
613	128	94
614	128	94
615	127	94
616	127	94
617	127	93
618	127	93
619	126	93
620	126	92
621	126	92
622	126	92
623	125	91
624	125	92
625	125	92
626	124	91
627	124	91
628	124	91
629	124	91
630	124	91
631	123	90
632	123	91
633	122	90
634	123	90
635	122	90
636	122	90
637	122	89
638	121	89
639	121	90
640	121	89
641	121	89
642	121	89
643	121	89
644	120	89
645	120	89
646	120	89
647	119	89
648	120	89
649	119	88
650	118	88
651	118	88
652	118	87
653	117	88
654	117	87
655	117	88
656	117	87
657	117	88
658	117	88
659	117	88
660	116	87
661	116	88
662	116	87
663	116	87
664	116	87
665	115	87
666	115	87
667	114	87
668	115	87
669	115	87
670	114	87
671	114	86
672	113	87
673	114	87
674	113	87
675	113	87
676	113	87
677	113	87
678	113	87
679	113	87
680	113	87
681	113	87
682	112	87
683	112	87
684	111	87
685	112	87
686	111	86
687	111	86
688	111	86
689	111	86
690	110	86
691	110	86
692	110	86
693	110	86
694	109	86
695	109	86
696	110	86
697	109	86
698	109	86
699	109	86
700	109	86
701	108	86
702	108	86
703	108	85
704	108	86
705	108	86
706	108	86
707	108	86
708	107	86
709	107	86
710	107	86
711	107	86
712	107	86
713	107	86
714	107	86
715	106	86
716	106	86
717	106	85
718	106	85
719	106	86
720	105	86
721	105	86
722	105	86
723	105	85
724	105	86
725	105	85
726	105	86
727	105	86
728	105	85
729	105	85
730	104	85
731	104	85
732	104	85
733	104	85
734	104	85
735	104	85
736	103	85
737	104	86
738	103	85
739	103	85
740	103	85
741	103	85
742	102	85
743	102	85
744	103	85
745	102	85
746	102	85
747	101	85
748	102	85
749	102	85
750	102	85
751	101	85
752	101	85
753	102	85
754	101	85
755	100	85
756	101	85
757	100	85
758	100	85
759	100	85
760	100	85
761	100	85
762	100	85
763	100	85
764	100	85
765	100	85
766	100	85
767	99	85
768	99	85
769	100	85
770	100	85
771	99	85
772	99	85
773	99	85
774	99	84
775	99	85
776	99	85
777	99	85
778	99	85
779	99	85
780	98	85
781	99	85
782	98	85
783	98	85
784	98	85
785	99	85
786	98	85
787	98	85
788	98	85
789	97	85
790	97	85
791	97	84
792	97	84
793	97	84
794	97	84
795	97	84
796	97	85
797	97	85
798	97	85
799	96	85
800	97	85
801	97	85
802	97	85
803	96	85
804	97	85
805	96	85
806	96	84
807	96	85
808	96	84
809	95	85
810	96	85
811	95	85
812	95	84
813	96	85
814	95	84
815	95	85
816	95	84
817	95	85
818	95	84
819	95	84
820	95	85
821	94	84
822	95	85
823	95	84
824	95	85
825	94	85
826	94	84
827	94	84
828	94	84
829	94	84
830	94	84
831	94	84
832	94	84
833	94	84
834	94	84
835	93	84
836	94	84
837	94	85
838	93	85
839	93	85
840	94	85
841	93	84
842	93	84
843	93	84
844	93	84
845	93	84
846	93	84
847	93	84
848	93	84
849	93	84
850	92	84
851	93	84
852	92	84
853	93	84
854	92	84
855	92	84
856	92	84
857	92	84
858	92	84
859	92	84
860	92	84
861	92	84
862	92	84
863	92	84
864	92	84
865	92	84
866	92	84
867	92	84
868	92	84
869	92	84
870	92	85
871	92	84
872	92	84
873	91	85
874	91	85
875	91	85
876	91	85
877	91	84
878	91	84
879	91	84
880	91	85
881	91	85
882	91	84
883	91	84
884	91	85
885	91	85
886	91	84
887	91	84
888	91	85
889	90	85
890	90	85
891	90	84
892	91	85
893	91	84
894	90	84
895	90	85
896	90	85
897	91	85
898	90	85
899	90	85
900	90	85
901	90	85
902	90	85
903	90	85
904	90	85
905	90	85
906	90	85
907	90	85
908	90	85
909	90	86
910	90	85
911	89	85
912	90	86
913	90	86
914	90	85
915	90	86
916	90	86
917	90	86
918	89	86
919	90	86
920	90	86
921	89	86
922	89	87
923	89	87
924	89	86
925	89	86
926	89	87
927	89	87
928	89	87
929	89	87
930	90	87
931	89	87
932	90	87
933	89	87
934	89	87
935	89	88
936	90	88
937	89	89
938	89	89
939	89	89
940	89	89
941	89	90
942	89	89
943	89	89
944	89	90
945	89	89
946	89	90
947	89	91
948	89	91
949	89	91
950	89	91
951	89	91
952	89	92
953	89	92
954	89	93
955	89	93
956	89	93
957	90	92
958	89	94
959	89	94
960	89	94
961	90	95
962	89	95
963	90	95
964	89	95
965	90	96
966	90	97
967	90	97
968	90	97
969	90	97
970	90	98
971	90	98
972	90	99
973	90	99
974	90	99
975	91	100
976	91	101
977	91	101
978	90	102
979	91	102
980	91	102
981	90	103
982	91	104
983	91	104
984	91	105
985	91	106
986	92	106
987	91	107
988	92	108
989	92	108
990	92	109
991	92	110
992	92	110
993	93	111
994	92	111
995	92	113
996	92	113
997	93	113
998	93	115
999	93	115
1000	94	116
1001	94	117
1002	94	118
1003	94	119
1004	94	119
1005	94	120
1006	94	121
1007	94	122
1008	95	122
1009	95	123
1010	96	125
1011	96	125
1012	96	126
1013	96	127
1014	96	127
1015	97	128
1016	97	129
1017	97	130
1018	97	131
1019	97	132
1020	98	133
1021	98	134
1022	99	135
1023	98	136
1024	99	137
1025	99	138
1026	100	139
1027	99	139
1028	100	140
1029	100	142
1030	100	142
1031	100	143
1032	101	145
1033	101	145
1034	102	147
1035	103	148
1036	102	149
1037	103	149
1038	103	150
1039	104	151
1040	104	152
1041	105	153
1042	105	155
1043	105	155
1044	105	156
1045	106	157
1046	106	158
1047	106	159
1048	107	159
1049	107	160
1050	108	161
1051	108	162
1052	108	163
1053	108	163
1054	109	164
1055	110	165
1056	110	166
1057	111	167
1058	111	168
1059	111	168
1060	112	170
1061	112	170
1062	113	171
1063	113	171
1064	114	172
1065	114	172
1066	114	173
1067	115	174
1068	115	175
1069	116	175
1070	116	175
1071	116	176
1072	117	177
1073	118	177
1074	118	178
1075	118	178
1076	118	179
1077	119	179
1078	120	179
1079	120	180
1080	121	180
1081	121	180
1082	121	180
1083	122	181
1084	122	181
1085	123	181
1086	123	181
1087	124	182
1088	124	182
1089	124	183
1090	125	182
1091	125	183
1092	126	183
1093	126	183
1094	126	183
1095	127	183
1096	127	183
1097	128	183
1098	129	183
1099	129	182
1100	129	182
1101	129	182
1102	129	182
1103	130	182
1104	130	181
1105	131	181
1106	131	181
1107	131	180
1108	132	181
1109	132	180
1110	132	179
1111	132	179
1112	133	179
1113	133	178
1114	134	178
1115	134	177
1116	135	177
1117	135	175
1118	135	176
1119	135	175
1120	136	175
1121	137	174
1122	137	174
1123	137	173
1124	137	172
1125	137	171
1126	137	171
1127	138	170
1128	138	170
1129	138	169
1130	138	168
1131	139	168
1132	139	167
1133	139	166
1134	139	165
1135	139	165
1136	139	163
1137	140	163
1138	140	162
1139	140	161
1140	140	160
1141	141	159
1142	140	158
1143	140	157
1144	141	157
1145	140	155
1146	141	155
1147	141	154
1148	141	153
1149	141	152
1150	141	151
1151	141	150
1152	141	150
1153	141	149
1154	141	148
1155	141	147
1156	142	146
1157	141	145
1158	142	144
1159	141	143
1160	141	142
1161	141	141
1162	141	140
1163	142	139
1164	141	138
1165	142	137
1166	141	136
1167	141	135
1168	141	134
1169	142	134
1170	141	133
1171	141	132
1172	141	131
1173	141	131
1174	141	130
1175	140	128
1176	141	128
1177	140	127
1178	140	126
1179	140	126
1180	140	124
1181	140	123
1182	139	123
1183	140	122
1184	140	121
1185	140	120
1186	140	120
1187	139	119
1188	139	119
1189	138	118
1190	139	117
1191	138	116
1192	139	115
1193	138	115
1194	137	114
1195	137	113
1196	138	113
1197	137	112
1198	137	111
1199	137	111
1200	137	111
1201	137	111
1202	136	109
1203	136	109
1204	136	107
1205	136	107
1206	135	107
1207	136	106
1208	135	105
1209	135	105
1210	135	105
1211	134	104
1212	134	104
1213	134	103
1214	133	102
1215	133	102
1216	133	101
1217	133	101
1218	132	101
1219	132	99
1220	132	100
1221	132	100
1222	132	99
1223	132	99
1224	132	99
1225	131	98
1226	131	98
1227	130	97
1228	130	97
1229	130	97
1230	129	96
1231	130	96
1232	129	96
1233	129	95
1234	129	95
1235	129	95
1236	128	95
1237	128	94
1238	128	94
1239	127	94
1240	128	94
1241	127	93
1242	127	93
1243	126	93
1244	126	93
1245	126	92
1246	126	93
1247	125	92
1248	125	91
1249	125	92
1250	125	91
1251	124	91
1252	124	91
1253	124	91
1254	123	91
1255	123	91
1256	124	91
1257	123	90
1258	123	91
1259	122	90
1260	122	90
1261	122	90
1262	122	90
1263	121	90
1264	121	89
1265	122	90
1266	121	89
1267	121	89
1268	120	89
1269	120	89
1270	120	89
1271	119	87
1272	120	89
1273	119	89
1274	119	88
1275	119	88
1276	119	88
1277	118	88
1278	118	87
1279	118	88
1280	118	88
1281	118	88
1282	117	87
1283	117	87
1284	116	87
1285	116	88
1286	116	87
1287	116	87
1288	116	87
1289	116	87
1290	115	87
1291	115	87
1292	114	87
1293	115	87
1294	114	87
1295	115	87
1296	114	87
1297	114	87
1298	114	87
1299	113	87
1300	113	87
1301	113	87
1302	113	87
1303	113	87
1304	113	87
1305	112	86
1306	112	87
1307	112	87
1308	112	87
1309	112	87
1310	111	86
1311	111	86
1312	111	86
1313	111	87
1314	111	86
1315	111	86
1316	110	86
1317	110	86
1318	110	86
1319	110	86
1320	110	86
1321	110	86
1322	109	86
1323	109	86
1324	109	86
1325	108	86
1326	109	86
1327	108	86
1328	108	86
1329	108	86
1330	108	86
1331	108	86
1332	107	86
1333	107	85
1334	108	86
1335	107	86
1336	107	86
1337	107	86
1338	107	85
1339	106	85
1340	106	86
1341	106	85
1342	106	86
1343	105	85
1344	106	86
1345	106	86
1346	105	86
1347	105	85
1348	105	85
1349	105	86
1350	105	85
1351	105	86
1352	105	86
1353	105	86
1354	105	85
1355	104	85
1356	104	84
1357	104	85
1358	103	85
1359	104	85
1360	103	85
1361	103	85
1362	103	85
1363	103	85
1364	103	85
1365	103	86
1366	103	85
1367	103	85
1368	103	85
1369	102	85
1370	102	85
1371	102	85
1372	102	85
1373	101	85
1374	101	85
1375	101	85
1376	101	85
1377	102	85
1378	101	85
1379	101	85
1380	100	85
1381	100	85
1382	100	85
1383	100	85
1384	100	85
1385	100	85
1386	100	85
1387	100	85
1388	100	85
1389	100	85
1390	100	85
1391	100	85
1392	100	84
1393	100	85
1394	99	85
1395	99	85
1396	99	85
1397	99	85
1398	99	84
1399	99	85
1400	99	85
1401	99	85
1402	98	85
1403	99	84
1404	98	85
1405	98	85
1406	99	85
1407	98	85
1408	98	84
1409	98	85
1410	98	85
1411	97	85
1412	97	84
1413	97	85
1414	97	85
1415	97	85
1416	98	85
1417	97	85
1418	97	85
1419	97	84
1420	97	85
1421	97	85
1422	97	85
1423	97	85
1424	97	85
1425	97	84
1426	97	85
1427	97	85
1428	97	84
1429	96	85
1430	97	85
1431	96	84
1432	97	85
1433	96	84
1434	96	85
1435	95	84
1436	95	85
1437	96	84
1438	95	85
1439	95	84
1440	95	84
1441	95	85
1442	95	85
1443	95	84
1444	95	85
1445	95	84
1446	95	84
1447	95	84
1448	95	84
1449	95	85
1450	94	84
1451	94	84
1452	94	84
1453	94	84
1454	94	84
1455	94	84
1456	94	84
1457	94	85
1458	93	84
1459	94	84
1460	94	84
1461	94	84
1462	94	84
1463	94	84
1464	94	84
1465	94	84
1466	93	84
1467	93	84
1468	93	84
1469	93	84
1470	93	84
1471	93	84
1472	93	85
1473	93	85
1474	93	84
1475	93	84
1476	92	84
1477	92	84
1478	92	84
1479	93	84
1480	92	84
1481	92	84
1482	92	85
1483	92	84
1484	92	84
1485	92	84
1486	92	84
1487	92	84
1488	92	84
1489	92	85
1490	92	84
1491	92	84
1492	92	84
1493	92	83
1494	92	84
1495	92	84
1496	92	84
1497	91	85
1498	91	84
1499	91	84
1500	91	85
1501	91	85
1502	91	85
1503	91	84
1504	91	85
1505	92	85
1506	91	85
1507	91	85
1508	91	85
1509	91	85
1510	91	85
1511	91	84
1512	91	85
1513	91	85
1514	90	84
1515	91	85
1516	90	85
1517	91	85
1518	90	85
1519	90	84
1520	90	85
1521	91	85
1522	90	85
1523	90	85
1524	90	85
1525	90	85
1526	90	84
1527	90	85
1528	90	85
1529	90	85
1530	90	85
1531	90	85
1532	90	85
1533	90	86
1534	89	85
1535	90	85
1536	90	86
1537	90	86
1538	90	86
1539	90	86
1540	90	86
1541	89	86
1542	90	86
1543	89	86
1544	90	86
1545	89	86
1546	89	86
1547	90	86
1548	89	87
1549	89	87
1550	90	87
1551	89	87
1552	89	87
1553	90	87
1554	89	87
1555	89	87
1556	89	87
1557	89	87
1558	89	87
1559	89	88
1560	90	88
1561	89	88
1562	89	88
1563	89	89
1564	89	89
1565	89	88
1566	89	89
1567	89	89
1568	89	90
1569	90	90
1570	89	90
1571	90	90
1572	90	91
1573	89	91
1574	89	91
1575	89	91
1576	89	91
1577	90	91
1578	89	92
1579	89	91
1580	89	92
1581	89	93
1582	89	93
1583	89	93
1584	90	94
1585	90	94
1586	89	94
1587	90	95
1588	90	95
1589	90	95
1590	90	96
1591	90	97
1592	90	96
1593	90	97
1594	90	97
1595	90	97
1596	90	98
1597	90	99
1598	90	99
1599	90	99
1600	91	100
1601	91	101
1602	91	101
1603	91	101
1604	91	102
1605	91	103
1606	91	103
1607	91	104
1608	92	105
1609	91	105
1610	91	105
1611	91	107
1612	91	107
1613	92	107
1614	92	108
1615	92	109
1616	92	109
1617	92	111
1618	92	111
1619	92	111
1620	93	112
1621	93	113
1622	93	113
1623	93	115
1624	93	115
1625	93	116
1626	94	117
1627	94	117
1628	94	118
1629	94	119
1630	94	119
1631	95	121
1632	95	121
1633	95	123
1634	95	123
1635	95	124
1636	96	125
1637	96	126
1638	96	127
1639	96	128
1640	97	128
1641	97	129
1642	97	130
1643	97	131
1644	97	133
1645	97	133
1646	98	134
1647	98	135
1648	99	135
1649	99	137
1650	99	138
1651	99	139
1652	99	139
1653	100	141
1654	100	141
1655	100	142
1656	101	144
1657	101	145
1658	101	146
1659	101	146
1660	103	147
1661	102	149
1662	103	149
1663	103	150
1664	104	151
1665	105	152
1666	105	154
1667	105	154
1668	105	155
1669	105	156
1670	106	157
1671	106	158
1672	107	159
1673	107	159
1674	107	160
1675	107	161
1676	108	162
1677	108	163
1678	109	163
1679	109	164
1680	109	165
1681	111	166
1682	110	166
1683	111	168
1684	111	169
1685	112	169
1686	112	170
1687	113	170
1688	113	171
1689	113	172
1690	114	173
1691	115	173
1692	115	174
1693	115	174
1694	116	175
1695	116	175
1696	116	176
1697	118	177
1698	117	177
1699	118	177
1700	119	178
1701	119	179
1702	119	179
1703	119	179
1704	121	180
1705	121	180
1706	121	181
1707	122	181
1708	122	181
1709	122	181
1710	123	182
1711	123	182
1712	123	182
1713	125	182
1714	124	182
1715	125	182
1716	125	182
1717	126	183
1718	126	183
1719	127	182
1720	128	183
1721	127	182
1722	128	182
1723	129	182
1724	129	182
1725	129	182
1726	129	182
1727	130	182
1728	130	182
1729	131	181
1730	131	181
1731	131	180
1732	132	181
1733	131	179
1734	132	180
1735	132	180
1736	133	179
1737	133	179
1738	134	178
1739	134	178
1740	134	177
1741	134	177
1742	134	177
1743	135	176
1744	136	175
1745	136	175
1746	136	174
1747	137	174
1748	137	173
1749	137	172
1750	137	171
1751	137	170
1752	138	170
1753	138	170
1754	138	169
1755	138	168
1756	138	167
1757	138	167
1758	139	165
1759	139	165
1760	139	165
1761	140	163
1762	140	163
1763	140	162
1764	140	161
1765	140	160
1766	140	159
1767	140	158
1768	141	157
1769	140	157
1770	141	156
1771	141	155
1772	141	154
1773	141	153
1774	140	153
1775	141	151
1776	141	151
1777	141	150
1778	141	149
1779	141	148
1780	141	147
1781	142	146
1782	141	145
1783	141	144
1784	142	143
1785	141	141
1786	141	141
1787	141	140
1788	141	139
1789	141	138
1790	141	137
1791	141	136
1792	141	135
1793	142	135
1794	141	134
1795	141	133
1796	141	132
1797	141	131
1798	141	130
1799	141	129
1800	141	129
1801	141	128
1802	140	127
1803	140	126
1804	140	125
1805	140	124
1806	140	124
1807	139	123
1808	140	123
1809	140	122
1810	139	121
1811	139	120
1812	139	119
1813	139	118
1814	139	118
1815	138	117
1816	138	116
1817	138	115
1818	138	115
1819	137	114
1820	137	113
1821	137	113
1822	137	112
1823	137	111
1824	137	111
1825	137	111
1826	137	110
1827	137	109
1828	136	108
1829	136	108
1830	136	107
1831	135	107
1832	136	106
1833	135	105
1834	135	105
1835	134	105
1836	134	103
1837	134	103
1838	134	103
1839	133	102
1840	133	102
1841	133	102
1842	132	101
1843	132	101
1844	132	100
1845	132	100
1846	132	99
1847	132	99
1848	131	99
1849	131	98
1850	131	98
1851	131	98
1852	130	97
1853	130	97
1854	130	97
1855	129	96
1856	129	96
1857	129	96
1858	129	95
1859	129	95
1860	129	95
1861	129	95
1862	128	95
1863	128	94
1864	128	94
1865	127	94
1866	127	93
1867	127	93
1868	126	93
1869	126	93
1870	125	92
1871	126	92
1872	125	92
1873	125	92
1874	125	91
1875	124	91
1876	124	91
1877	124	91
1878	124	91
1879	124	91
1880	124	91
1881	123	91
1882	123	91
1883	123	90
1884	122	90
1885	122	90
1886	122	90
1887	122	90
1888	121	89
1889	122	90
1890	121	90
1891	121	90
1892	121	89
1893	120	89
1894	120	89
1895	120	89
1896	120	89
1897	119	89
1898	119	88
1899	119	89
1900	118	88
1901	119	88
1902	118	88
1903	118	88
1904	118	87
1905	118	87
1906	118	87
1907	117	88
1908	117	88
1909	117	87
1910	116	88
1911	116	87
1912	116	87
1913	116	87
1914	116	87
1915	116	87
1916	115	87
1917	115	87
1918	115	87
1919	115	87
1920	114	87
1921	115	87
1922	114	86
1923	113	87
1924	113	87
1925	113	87
1926	113	87
1927	113	87
1928	113	87
1929	113	87
1930	112	87
1931	112	87
1932	112	87
1933	112	87
1934	112	87
1935	111	87
1936	111	86
1937	111	86
1938	111	86
1939	110	86
1940	111	86
1941	110	86
1942	110	86
1943	110	86
1944	110	86
1945	110	86
1946	109	86
1947	109	86
1948	109	86
1949	108	86
1950	108	86
1951	109	86
1952	109	86
1953	108	86
1954	108	86
1955	108	86
1956	108	86
1957	107	86
1958	107	86
1959	107	86
1960	108	86
1961	107	86
1962	107	86
1963	107	86
1964	107	86
1965	107	86
1966	106	85
1967	106	86
1968	106	85
1969	106	86
1970	105	86
1971	105	86
1972	105	86
1973	105	85
1974	105	85
1975	105	85
1976	105	86
1977	105	85
1978	104	86
1979	105	85
1980	104	85
1981	104	85
1982	104	85
1983	103	85
1984	103	85
1985	103	86
1986	103	85
1987	104	86
1988	103	85
1989	103	86
1990	102	85
1991	103	85
1992	103	85
1993	102	85
1994	102	85
1995	102	85
1996	102	85
1997	101	85
1998	101	85
1999	102	85
2000	101	85
2001	102	85
2002	101	85
2003	101	85
2004	101	85
2005	101	85
2006	101	85
2007	101	84
2008	101	85
2009	100	85
2010	100	85
2011	100	85
2012	100	85
2013	100	85
2014	100	85
2015	99	85
2016	100	85
2017	100	85
2018	99	85
2019	99	85
2020	100	85
2021	99	85
2022	99	85
2023	99	85
2024	99	85
2025	99	85
2026	99	85
2027	99	85
2028	99	85
2029	98	85
2030	98	85
2031	98	85
2032	98	84
2033	98	85
2034	98	85
2035	98	84
2036	98	85
2037	98	85
2038	97	85
2039	97	85
2040	98	85
2041	97	84
2042	97	85
2043	97	84
2044	97	84
2045	97	85
2046	97	84
2047	97	85
2048	97	85
2049	97	85
2050	97	85
2051	97	84
2052	97	85
2053	97	84
2054	96	84
2055	96	85
2056	97	85
2057	96	84
2058	96	85
2059	96	84
2060	95	84
2061	95	84
2062	96	84
2063	95	85
2064	95	85
2065	96	85
2066	95	84
2067	95	84
2068	95	85
2069	95	84
2070	95	84
2071	95	85
2072	95	84
2073	94	84
2074	95	84
2075	95	84
2076	94	83
2077	94	84
2078	94	84
2079	94	84
2080	94	84
2081	95	84
2082	94	85
2083	94	84
2084	94	85
2085	94	84
2086	94	85
2087	93	85
2088	94	84
2089	93	84
2090	93	84
2091	93	84
2092	93	84
2093	93	84
2094	93	84
2095	93	85
2096	93	84
2097	93	85
2098	93	84
2099	93	84
2100	93	84
2101	93	84
2102	92	84
2103	92	84
2104	93	84
2105	92	84
2106	92	84
2107	92	84
2108	92	84
2109	92	84
2110	92	83
2111	92	84
2112	92	84
2113	92	85
2114	92	84
2115	92	84
2116	92	84
2117	92	84
2118	92	85
2119	92	84
2120	92	84
2121	92	84
2122	92	84
2123	92	85
2124	91	84
2125	92	85
2126	92	85
2127	91	84
2128	91	85
2129	92	84
2130	91	85
2131	91	85
2132	91	84
2133	91	84
2134	91	85
2135	91	85
2136	91	85
2137	91	85
2138	91	85
2139	91	85
2140	91	84
2141	91	84
2142	91	85
2143	91	84
2144	90	84
2145	91	85
2146	91	85
2147	90	85
2148	90	85
2149	90	85
2150	90	85
2151	90	85
2152	90	85
2153	90	85
2154	90	85
2155	90	85
2156	90	85
2157	90	85
2158	90	86
2159	90	85
2160	90	86
2161	90	85
2162	89	85
2163	90	86
2164	90	86
2165	90	86
2166	90	86
2167	89	86
2168	90	86
2169	89	86
2170	90	86
2171	89	86
2172	89	87
2173	89	86
2174	89	86
2175	89	87
2176	89	87
2177	90	87
2178	89	86
2179	89	87
2180	90	87
2181	89	87
2182	89	87
2183	89	87
2184	90	87
2185	89	88
2186	89	88
2187	89	89
2188	89	89
2189	89	89
2190	89	89
2191	89	89
2192	89	89
2193	90	90
2194	89	90
2195	89	90
2196	89	89
2197	89	90
2198	89	91
2199	89	91
2200	89	91
2201	89	91
2202	90	91
2203	89	92
2204	89	92
2205	90	92
2206	89	93
2207	89	93
2208	90	93
2209	90	94
2210	89	94
2211	90	95
2212	90	94
2213	90	95
2214	89	95
2215	89	96
2216	91	96
2217	90	96
2218	90	97
2219	90	97
2220	90	98
2221	90	98
2222	90	99
2223	91	99
2224	91	99
2225	91	100
2226	90	100
2227	90	101
2228	91	102
2229	91	102
2230	91	102
2231	91	103
2232	92	104
2233	91	105
2234	92	105
2235	92	106
2236	92	106
2237	92	107
2238	92	107
2239	92	108
2240	92	109
2241	92	110
2242	92	111
2243	92	111
2244	93	111
2245	92	112
2246	93	113
2247	93	113
2248	93	115
2249	93	115
2250	94	116
2251	93	117
2252	94	118
2253	94	118
2254	94	119
2255	94	120
2256	95	121
2257	95	122
2258	95	123
2259	95	123
2260	95	124
2261	96	125
2262	96	126
2263	96	127
2264	97	127
2265	97	129
2266	97	129
2267	97	130
2268	97	131
2269	98	132
2270	98	133
2271	98	134
2272	98	135
2273	99	136
2274	98	137
2275	99	138
2276	99	139
2277	100	139
2278	100	140
2279	100	141
2280	101	143
2281	101	143
2282	101	145
2283	101	146
2284	102	147
2285	102	148
2286	102	149
2287	103	150
2288	103	150
2289	104	151
2290	104	153
2291	105	153
2292	105	154
2293	105	155
2294	106	156
2295	105	157
2296	107	158
2297	107	159
2298	107	159
2299	107	160
2300	107	161
2301	108	162
2302	108	163
2303	109	164
2304	109	165
2305	110	165
2306	110	166
2307	111	167
2308	111	167
2309	111	169
2310	112	169
2311	112	170
2312	113	171
2313	113	171
2314	114	172
2315	113	172
2316	115	174
2317	115	174
2318	115	174
2319	116	175
2320	116	175
2321	117	176
2322	117	176
2323	118	177
2324	118	178
2325	119	178
2326	119	179
2327	119	179
2328	120	180
2329	120	179
2330	121	180
2331	121	181
2332	121	180
2333	122	181
2334	122	181
2335	123	182
2336	123	182
2337	124	182
2338	124	182
2339	124	183
2340	125	183
2341	125	183
2342	126	183
2343	126	183
2344	127	183
2345	127	183
2346	127	183
2347	128	182
2348	129	182
2349	129	182
2350	129	182
2351	129	182
2352	130	182
2353	131	182
2354	130	181
2355	131	181
2356	131	181
2357	132	181
2358	132	180
2359	132	180
2360	133	180
2361	133	179
2362	133	179
2363	133	178
2364	134	178
2365	134	177
2366	135	177
2367	135	176
2368	135	176
2369	136	175
2370	136	175
2371	136	174
2372	137	174
2373	137	173
2374	137	173
2375	137	171
2376	137	171
2377	138	170
2378	138	169
2379	138	169
2380	138	168
2381	138	167
2382	139	167
2383	139	166
2384	139	165
2385	140	164
2386	140	164
2387	140	163
2388	140	162
2389	140	161
2390	140	160
2391	140	159
2392	141	158
2393	140	157
2394	140	157
2395	140	155
2396	141	155
2397	141	154
2398	141	153
2399	141	153
2400	141	151
2401	141	150
2402	142	150
2403	142	149
2404	141	148
2405	142	147
2406	141	147
2407	142	146
2408	142	144
2409	141	143
2410	141	142
2411	141	141
2412	142	140
2413	142	139
2414	141	138
2415	141	137
2416	141	137
2417	141	136
2418	141	134
2419	141	134
2420	141	133
2421	141	132
2422	141	131
2423	141	131
2424	141	129
2425	140	128
2426	140	128
2427	140	127
2428	140	126
2429	140	125
2430	140	125
2431	140	124
2432	140	123
2433	140	122
2434	140	122
2435	139	120
2436	139	120
2437	139	119
2438	139	118
2439	139	118
2440	140	117
2441	138	116
2442	138	115
2443	138	115
2444	138	114
2445	138	113
2446	138	113
2447	137	112
2448	137	111
2449	137	111
2450	137	111
2451	137	110
2452	136	108
2453	137	108
2454	136	107
2455	136	107
2456	136	107
2457	135	106
2458	135	105
2459	135	105
2460	135	104
2461	134	104
2462	134	103
2463	134	103
2464	134	102
2465	134	102
2466	133	102
2467	133	101
2468	132	101
2469	132	100
2470	132	99
2471	132	99
2472	132	99
2473	131	99
2474	131	98
2475	131	98
2476	131	98
2477	130	98
2478	130	97
2479	130	96
2480	130	96
2481	130	96
2482	130	96
2483	129	95
2484	129	95
2485	129	95
2486	129	95
2487	128	94
2488	128	94
2489	127	94
2490	127	94
2491	127	93
2492	127	93
2493	126	93
2494	126	93
2495	126	93
2496	126	92
2497	126	92
2498	125	92
2499	125	92
2500	124	92
2501	124	91
2502	124	91
2503	124	91
2504	124	91
2505	124	91
2506	123	91
2507	123	90
2508	123	90
2509	122	90
2510	123	90
2511	122	90
2512	122	90
2513	122	89
2514	122	90
2515	121	89
2516	121	89
2517	121	89
2518	120	89
2519	120	89
2520	121	89
2521	119	88
2522	119	89
2523	120	88
2524	119	88
2525	119	88
2526	118	88
2527	118	88
2528	118	87
2529	119	88
2530	118	88
2531	117	88
2532	117	87
2533	117	87
2534	116	87
2535	116	88
2536	117	88
2537	116	87
2538	116	87
2539	116	87
2540	115	87
2541	115	87
2542	115	87
2543	115	87
2544	115	87
2545	114	87
2546	114	87
2547	114	87
2548	114	87
2549	113	87
2550	113	87
2551	113	86
2552	113	87
2553	113	87
2554	113	87
2555	112	87
2556	112	87
2557	112	87
2558	112	86
2559	111	87
2560	111	87
2561	111	87
2562	111	86
2563	111	86
2564	111	86
2565	111	86
2566	110	86
2567	110	86
2568	110	86
2569	110	86
2570	110	86
2571	109	86
2572	109	85
2573	109	86
2574	109	86
2575	109	86
2576	108	86
2577	108	86
2578	108	86
2579	108	86
2580	108	86
2581	108	86
2582	108	86
2583	107	86
2584	108	86
2585	107	85
2586	107	85
2587	107	86
2588	106	86
2589	106	85
2590	106	85
2591	106	85
2592	106	85
2593	106	86
2594	106	86
2595	105	86
2596	105	86
2597	105	86
2598	105	86
2599	105	86
2600	105	86
2601	105	86
2602	105	85
2603	105	86
2604	104	86
2605	104	85
2606	105	85
2607	104	85
2608	104	86
2609	104	85
2610	103	85
2611	103	85
2612	104	85
2613	103	85
2614	103	85
2615	103	85
2616	103	86
2617	102	85
2618	102	85
2619	102	85
2620	102	85
2621	102	85
2622	101	85
2623	102	85
2624	101	85
2625	102	85
2626	101	85
2627	101	85
2628	101	85
2629	101	85
2630	101	85
2631	101	85
2632	101	85
2633	100	85
2634	101	85
2635	100	85
2636	100	85
2637	100	85
2638	100	85
2639	100	85
2640	100	85
2641	100	85
2642	99	85
2643	100	85
2644	99	85
2645	100	85
2646	99	85
2647	99	85
2648	99	85
2649	99	85
2650	99	85
2651	99	85
2652	99	85
2653	98	85
2654	98	85
2655	98	85
2656	99	85
2657	99	85
2658	97	84
2659	98	85
2660	98	85
2661	97	85
2662	97	85
2663	97	85
2664	98	85
2665	97	85
2666	97	85
2667	97	85
2668	97	85
2669	97	85
2670	97	85
2671	97	84
2672	97	85
2673	97	85
2674	97	84
2675	97	84
2676	97	85
2677	97	85
2678	96	85
2679	96	84
2680	97	85
2681	97	84
2682	96	84
2683	96	85
2684	96	85
2685	95	84
2686	95	85
2687	96	85
2688	95	84
2689	96	85
2690	95	85
2691	95	84
2692	95	84
2693	95	84
2694	95	85
2695	95	84
2696	95	84
2697	95	84
2698	95	84
2699	95	84
2700	95	84
2701	94	85
2702	94	84
2703	94	84
2704	94	85
2705	94	84
2706	94	84
2707	94	84
2708	94	84
2709	94	84
2710	93	84
2711	94	84
2712	94	84
2713	94	84
2714	94	84
2715	93	84
2716	93	84
2717	93	84
2718	93	84
2719	93	85
2720	93	84
2721	93	84
2722	93	84
2723	93	84
2724	93	84
2725	92	84
2726	92	83
2727	93	84
2728	93	84
2729	92	84
2730	93	85
2731	92	84
2732	92	84
2733	92	84
2734	92	84
2735	92	85
2736	92	84
2737	92	84
2738	92	84
2739	92	84
2740	92	84
2741	92	84
2742	92	85
2743	92	84
2744	92	83
2745	92	84
2746	92	85
2747	91	84
2748	91	85
2749	92	84
2750	91	84
2751	91	85
2752	91	85
2753	91	85
2754	91	85
2755	91	85
2756	91	85
2757	91	84
2758	91	85
2759	91	85
2760	91	85
2761	91	84
2762	91	85
2763	91	85
2764	91	85
2765	91	85
2766	90	85
2767	91	85
2768	91	85
2769	91	85
2770	90	85
2771	91	85
2772	90	85
2773	90	85
2774	90	85
2775	90	85
2776	90	85
2777	90	85
2778	90	85
2779	90	85
2780	90	85
2781	90	85
2782	90	85
2783	89	85
2784	90	85
2785	90	86
2786	90	86
2787	90	86
2788	89	86
2789	90	86
2790	89	86
2791	89	86
2792	90	86
2793	89	86
2794	90	86
2795	89	86
2796	89	87
2797	89	87
2798	89	86
2799	89	86
2800	89	87
2801	90	87
2802	89	87
2803	89	87
2804	89	87
2805	89	87
2806	89	87
2807	89	87
2808	89	87
2809	89	87
2810	89	87
2811	89	88
2812	89	88
2813	89	89
2814	89	89
2815	89	89
2816	89	89
2817	90	89
2818	89	89
2819	89	90
2820	89	90
2821	90	90
2822	89	91
2823	89	90
2824	90	91
2825	89	91
2826	89	91
2827	89	92
2828	89	92
2829	89	91
2830	89	92
2831	90	93
2832	89	93
2833	90	93
2834	89	94
2835	90	94
2836	90	94
2837	90	95
2838	89	95
2839	90	95
2840	90	96
2841	90	96
2842	90	96
2843	90	97
2844	90	97
2845	90	97
2846	90	98
2847	90	98
2848	90	99
2849	91	99
2850	91	100
2851	90	100
2852	91	101
2853	91	102
2854	90	102
2855	91	103
2856	92	103
2857	91	104
2858	91	104
2859	91	105
2860	91	106
2861	92	106
2862	92	107
2863	92	107
2864	92	108
2865	92	109
2866	92	109
2867	92	110
2868	92	111
2869	92	112
2870	93	112
2871	93	113
2872	93	114
2873	93	115
2874	93	115
2875	93	116
2876	93	117
2877	94	118
2878	94	119
2879	94	119
2880	94	119
2881	95	120
2882	95	121
2883	95	123
2884	95	123
2885	96	125
2886	96	125
2887	96	126
2888	97	127
2889	96	127
2890	97	129
2891	97	129
2892	97	130
2893	97	131
2894	97	133
2895	98	133
2896	98	134
2897	99	135
2898	99	135
2899	99	137
2900	99	138
2901	99	139
2902	100	139
2903	100	140
2904	100	141
2905	100	142
2906	101	144
2907	101	145
2908	101	145
2909	102	146
2910	102	147
2911	103	149
2912	103	149
2913	104	150
2914	104	151
2915	104	151
2916	105	153
2917	105	154
2918	105	155
2919	105	156
2920	106	157
2921	106	158
2922	107	158
2923	107	159
2924	107	161
2925	108	161
2926	108	162
2927	108	163
2928	109	164
2929	109	164
2930	110	165
2931	110	166
2932	110	167
2933	111	167
2934	112	168
2935	112	169
2936	113	169
2937	113	170
2938	113	171
2939	113	172
2940	114	173
2941	114	173
2942	115	173
2943	116	174
2944	116	175
2945	117	175
2946	117	175
2947	117	177
2948	118	177
2949	118	177
2950	119	178
2951	119	179
2952	120	179
2953	120	179
2954	120	180
2955	121	180
2956	121	181
2957	121	181
2958	122	181
2959	122	181
2960	123	182
2961	124	182
2962	124	182
2963	124	182
2964	124	182
2965	125	182
2966	125	183
2967	125	182
2968	126	183
2969	126	182
2970	127	182
2971	127	183
2972	128	182
2973	128	182
2974	129	182
2975	129	182
2976	129	182
2977	130	182
2978	130	182
2979	131	181
2980	131	181
2981	131	181
2982	132	181
2983	132	180
2984	132	180
2985	132	180
2986	132	179
2987	133	179
2988	133	178
2989	134	178
2990	135	178
2991	135	177
2992	135	176
2993	136	176
2994	136	175
2995	136	175
2996	136	174
2997	137	174
2998	137	173
2999	137	172
3000	137	171
3001	137	170
3002	138	170
3003	137	169
3004	138	169
3005	138	168
3006	139	167
3007	139	167
3008	139	166
3009	140	166
3010	140	165
3011	139	163
3012	140	163
3013	140	162
3014	140	161
3015	140	160
3016	141	159
3017	140	158
3018	140	157
3019	140	157
3020	140	155
3021	141	155
3022	141	154
3023	141	153
3024	141	153
3025	141	151
3026	141	151
3027	141	150
3028	141	149
3029	141	148
3030	141	147
3031	141	146
3032	142	145
3033	141	143
3034	141	143
3035	141	142
3036	141	141
3037	141	140
3038	141	139
3039	142	138
3040	142	137
3041	141	137
3042	141	135
3043	141	135
3044	141	134
3045	141	133
3046	141	132
3047	141	131
3048	141	131
3049	141	130
3050	140	129
3051	140	128
3052	140	127
3053	140	126
3054	140	125
3055	140	125
3056	140	124
3057	140	123
3058	140	123
3059	139	122
3060	139	121
3061	139	119
3062	139	119
3063	139	118
3064	139	118
3065	139	117
3066	138	116
3067	138	115
3068	138	115
3069	138	114
3070	137	114
3071	137	113
3072	137	112
3073	138	111
3074	137	111
3075	137	111
3076	137	110
3077	136	109
3078	136	109
3079	136	108
3080	136	107
3081	136	107
3082	135	106
3083	135	105
3084	135	105
3085	134	105
3086	134	103
3087	134	103
3088	134	103
3089	134	102
3090	133	102
3091	133	101
3092	133	101
3093	132	101
3094	132	100
3095	132	100
3096	132	99
3097	132	99
3098	132	98
3099	131	98
3100	131	98
3101	131	98
3102	130	97
3103	130	97
3104	130	97
3105	130	97
3106	130	96
3107	129	96
3108	129	96
3109	129	95
3110	129	95
3111	129	95
3112	129	95
3113	128	94
3114	127	94
3115	127	94
3116	127	94
3117	127	93
3118	126	93
3119	126	93
3120	126	92
3121	126	92
3122	126	93
3123	125	92
3124	125	91
3125	125	91
3126	124	91
3127	124	91
3128	124	91
3129	124	91
3130	124	91
3131	123	90
3132	123	91
3133	123	90
3134	123	90
3135	122	90
3136	122	90
3137	122	90
3138	121	90
3139	121	89
3140	121	89
3141	121	89
3142	121	89
3143	120	89
3144	121	89
3145	120	89
3146	120	89
3147	119	89
3148	119	89
3149	119	88
3150	119	88
3151	119	88
3152	118	88
3153	119	88
3154	118	88
3155	117	87
3156	118	88
3157	117	87
3158	117	88
3159	117	88
3160	117	87
3161	116	87
3162	116	87
3163	116	87
3164	115	87
3165	115	87
3166	115	87
3167	115	87
3168	114	87
3169	115	87
3170	115	87
3171	114	87
3172	114	86
3173	114	87
3174	113	87
3175	113	87
3176	113	87
3177	113	87
3178	113	87
3179	113	87
3180	113	87
3181	112	87
3182	112	87
3183	112	87
3184	112	87
3185	112	87
3186	111	86
3187	111	86
3188	111	86
3189	111	86
3190	111	86
3191	110	86
3192	111	86
3193	110	86
3194	110	86
3195	109	86
3196	109	86
3197	109	86
3198	109	86
3199	109	86
3200	109	86
3201	109	86
3202	108	86
3203	108	86
3204	108	86
3205	108	86
3206	108	86
3207	108	86
3208	108	86
3209	107	86
3210	107	86
3211	107	86
3212	107	86
3213	107	86
3214	107	86
3215	106	86
3216	106	86
3217	106	86
3218	106	85
3219	106	86
3220	105	86
3221	105	85
3222	105	85
3223	105	85
3224	105	85
3225	105	86
3226	105	85
3227	104	85
3228	105	85
3229	105	85
3230	104	85
3231	104	86
3232	104	85
3233	105	85
3234	104	85
3235	103	85
3236	103	85
3237	103	86
3238	104	85
3239	103	85
3240	102	85
3241	103	85
3242	103	85
3243	102	85
3244	102	85
3245	102	85
3246	102	85
3247	102	85
3248	102	85
3249	102	85
3250	101	85
3251	102	85
3252	101	85
3253	101	85
3254	101	85
3255	101	85
3256	101	85
3257	100	85
3258	101	85
3259	100	85
3260	100	85
3261	100	85
3262	100	85
3263	100	85
3264	100	85
3265	100	85
3266	100	85
3267	100	85
3268	99	85
3269	99	84
3270	99	85
3271	99	85
3272	100	85
3273	99	85
3274	98	84
3275	99	84
3276	99	84
3277	99	85
3278	98	85
3279	98	85
3280	99	85
3281	99	85
3282	98	85
3283	98	85
3284	98	85
3285	98	85
3286	98	85
3287	98	85
3288	98	85
3289	97	85
3290	97	85
3291	97	85
3292	97	84
3293	97	84
3294	97	85
3295	97	85
3296	97	85
3297	97	85
3298	97	85
3299	97	84
3300	97	85
3301	97	85
3302	97	85
3303	97	85
3304	97	85
3305	97	85
3306	96	85
3307	96	85
3308	96	84
3309	96	84
3310	96	84
3311	96	85
3312	96	84
3313	96	85
3314	96	84
3315	96	84
3316	95	84
3317	95	84
3318	95	85
3319	95	84
3320	95	84
3321	95	85
3322	95	84
3323	95	84
3324	94	84
3325	95	84
3326	94	83
3327	94	84
3328	94	84
3329	95	85
3330	94	84
3331	94	85
3332	94	85
3333	94	84
3334	94	84
3335	94	85
3336	94	85
3337	94	84
3338	93	84
3339	93	84
3340	93	84
3341	94	85
3342	94	84
3343	93	84
3344	93	84
3345	93	84
3346	93	84
3347	93	84
3348	93	84
3349	93	84
3350	93	84
3351	92	84
3352	93	84
3353	93	84
3354	92	84
3355	92	84
3356	92	84
3357	92	84
3358	92	84
3359	92	84
3360	92	84
3361	93	84
3362	92	84
3363	92	84
3364	92	84
3365	92	84
3366	92	84
3367	92	84
3368	92	84
3369	91	84
3370	91	84
3371	92	84
3372	92	84
3373	92	84
3374	91	85
3375	92	85
3376	92	85
3377	92	84
3378	92	85
3379	91	85
3380	91	84
3381	91	85
3382	91	85
3383	91	84
3384	91	85
3385	91	85
3386	91	85
3387	91	85
3388	91	85
3389	91	84
3390	91	84
3391	91	84
3392	91	85
3393	91	85
3394	91	84
3395	90	84
3396	91	85
3397	91	85
3398	91	85
3399	90	85
3400	91	85
3401	91	85
3402	90	85
3403	90	85
3404	90	85
3405	90	85
3406	90	85
3407	90	85
3408	90	85
3409	90	86
3410	90	85
3411	90	85
3412	90	85
3413	90	86
3414	90	86
3415	90	85
3416	90	86
3417	90	86
3418	89	86
3419	90	86
3420	89	87
3421	89	86
3422	89	87
3423	90	86
3424	89	86
3425	90	87
3426	89	87
3427	90	87
3428	89	87
3429	89	87
3430	90	87
3431	89	87
3432	90	87
3433	89	88
3434	89	87
3435	89	88
3436	89	88
3437	89	89
3438	89	88
3439	89	88
3440	89	89
3441	89	89
3442	89	89
3443	89	90
3444	89	90
3445	89	90
3446	89	90
3447	89	90
3448	89	91
3449	89	91
3450	89	91
3451	89	91
3452	89	91
3453	90	92
3454	89	92
3455	89	92
3456	90	92
3457	90	93
3458	90	93
3459	90	94
3460	90	94
3461	90	94
3462	90	95
3463	90	95
3464	90	95
3465	90	95
3466	90	96
3467	90	96
3468	90	97
3469	90	97
3470	90	98
3471	91	98
3472	90	99
3473	90	99
3474	90	99
3475	90	99
3476	91	101
3477	91	101
3478	91	102
3479	91	102
3480	91	102
3481	91	103
3482	91	103
3483	91	104
3484	91	105
3485	91	105
3486	92	106
3487	91	107
3488	92	107
3489	92	108
3490	92	109
3491	92	110
3492	92	111
3493	92	111
3494	92	111
3495	92	112
3496	93	113
3497	93	113
3498	93	115
3499	93	115
3500	93	116
3501	94	117
3502	94	118
3503	94	119
3504	94	119
3505	95	120
3506	95	121
3507	95	122
3508	95	123
3509	95	123
3510	95	124
3511	96	125
3512	96	126
3513	96	127
3514	96	127
3515	97	128
3516	97	129
3517	97	130
3518	97	131
3519	98	132
3520	98	134
3521	99	134
3522	98	135
3523	99	136
3524	99	137
3525	99	138
3526	99	139
3527	100	139
3528	100	141
3529	100	142
3530	100	143
3531	100	143
3532	101	145
3533	101	146
3534	102	146
3535	102	147
3536	103	149
3537	103	150
3538	103	150
3539	104	151
3540	104	152
3541	105	154
3542	105	155
3543	105	155
3544	105	156
3545	106	157
3546	106	158
3547	107	159
3548	107	159
3549	107	160
3550	108	161
3551	108	162
3552	108	163
3553	109	164
3554	110	164
3555	110	165
3556	110	166
3557	110	167
3558	111	167
3559	112	169
3560	112	169
3561	113	170
3562	113	171
3563	113	171
3564	113	172
3565	114	173
3566	114	173
3567	115	173
3568	116	174
3569	116	175
3570	116	175
3571	116	176
3572	117	176
3573	117	177
3574	118	177
3575	118	178
3576	119	179
3577	119	179
3578	120	179
3579	121	179
3580	121	180
3581	121	181
3582	121	180
3583	122	180
3584	123	181
3585	123	181
3586	123	182
3587	124	182
3588	124	182
3589	125	183
3590	125	183
3591	125	183
3592	126	183
3593	126	183
3594	126	182
3595	127	182
3596	127	182
3597	128	182
3598	129	182
3599	129	182
3600	129	182
3601	129	182
3602	129	182
3603	130	182
3604	131	181
3605	131	181
3606	131	181
3607	132	181
3608	132	180
3609	132	179
3610	133	179
3611	133	179
3612	133	179
3613	133	178
3614	134	177
3615	134	177
3616	135	177
3617	135	176
3618	135	176
3619	136	175
3620	135	175
3621	136	174
3622	136	174
3623	137	173
3624	137	172
3625	137	171
3626	137	171
3627	138	170
3628	138	170
3629	138	169
3630	138	168
3631	138	167
3632	139	167
3633	139	166
3634	139	165
3635	139	164
3636	140	163
3637	140	163
3638	140	162
3639	140	161
3640	140	160
3641	140	159
3642	140	158
3643	140	157
3644	140	157
3645	140	155
3646	141	155
3647	141	154
3648	141	153
3649	142	153
3650	141	151
3651	141	150
3652	142	149
3653	141	148
3654	141	148
3655	141	147
3656	142	146
3657	141	145
3658	142	144
3659	141	143
3660	141	142
3661	141	141
3662	141	140
3663	142	139
3664	141	138
3665	142	137
3666	142	137
3667	141	135
3668	141	134
3669	141	133
3670	141	133
3671	141	132
3672	141	131
3673	141	130
3674	141	129
3675	140	128
3676	141	127
3677	140	127
3678	141	126
3679	140	125
3680	140	124
3681	140	124
3682	139	123
3683	140	122
3684	139	121
3685	139	120
3686	139	119
3687	139	119
3688	140	118
3689	138	118
3690	138	117
3691	138	117
3692	138	115
3693	138	115
3694	137	115
3695	137	113
3696	137	113
3697	137	112
3698	137	111
3699	137	111
3700	137	111
3701	137	110
3702	137	109
3703	136	108
3704	137	107
3705	136	107
3706	135	107
3707	135	106
3708	135	106
3709	135	105
3710	134	105
3711	134	104
3712	134	103
3713	134	103
3714	133	102
3715	133	102
3716	133	101
3717	133	101
3718	133	101
3719	132	100
3720	132	100
3721	132	100
3722	132	99
3723	131	99
3724	131	98
3725	131	98
3726	131	98
3727	131	97
3728	130	97
3729	131	97
3730	130	97
3731	129	96
3732	129	96
3733	129	95
3734	129	95
3735	129	95
3736	129	95
3737	128	94
3738	128	94
3739	128	94
3740	127	94
3741	127	93
3742	127	93
3743	126	93
3744	126	93
3745	126	93
3746	126	92
3747	126	92
3748	125	91
3749	124	92
3750	124	91
3751	124	91
3752	124	91
3753	124	91
3754	123	91
3755	124	91
3756	123	91
3757	123	90
3758	123	90
3759	122	90
3760	122	90
3761	123	90
3762	122	90
3763	121	90
3764	121	90
3765	121	89
3766	121	89
3767	121	89
3768	121	89
3769	120	89
3770	120	89
3771	120	88
3772	119	89
3773	119	89
3774	119	89
3775	119	88
3776	118	88
3777	118	88
3778	118	88
3779	118	88
3780	118	88
3781	117	88
3782	117	87
3783	117	88
3784	117	87
3785	116	87
3786	116	87
3787	116	87
3788	115	87
3789	116	87
3790	116	87
3791	115	87
3792	115	87
3793	115	87
3794	114	87
3795	114	87
3796	114	87
3797	114	87
3798	113	87
3799	114	87
3800	113	87
3801	113	87
3802	113	87
3803	113	87
3804	113	87
3805	112	86
3806	112	86
3807	112	87
3808	112	86
3809	112	87
3810	111	86
3811	111	87
3812	111	87
3813	111	86
3814	110	86
3815	111	86
3816	111	86
3817	110	86
3818	110	86
3819	110	86
3820	109	86
3821	109	86
3822	109	85
3823	109	86
3824	109	86
3825	109	86
3826	108	86
3827	108	86
3828	108	86
3829	108	86
3830	108	86
3831	108	86
3832	108	86
3833	107	86
3834	107	86
3835	107	85
3836	107	86
3837	107	85
3838	107	86
3839	106	86
3840	107	85
3841	107	86
3842	106	86
3843	106	86
3844	105	86
3845	105	86
3846	105	85
3847	105	85
3848	105	85
3849	105	85
3850	105	85
3851	105	86
3852	105	85
3853	105	85
3854	104	86
3855	104	86
3856	104	85
3857	104	85
3858	104	85
3859	103	85
3860	103	85
3861	103	85
3862	103	85
3863	103	85
3864	103	85
3865	103	85
3866	103	85
3867	102	85
3868	102	85
3869	102	85
3870	102	85
3871	102	85
3872	102	85
3873	102	85
3874	101	84
3875	101	85
3876	101	85
3877	101	85
3878	101	85
3879	101	85
3880	101	85
3881	100	85
3882	100	85
3883	100	85
3884	100	85
3885	100	85
3886	100	85
3887	100	85
3888	100	85
3889	100	85
3890	100	85
3891	100	85
3892	100	85
3893	100	85
3894	100	85
3895	99	85
3896	99	85
3897	99	85
3898	99	85
3899	99	85
3900	99	85
3901	99	85
3902	99	85
3903	99	85
3904	98	85
3905	99	85
3906	99	85
3907	98	85
3908	98	84
3909	98	85
3910	98	85
3911	97	85
3912	98	85
3913	97	84
3914	97	85
3915	97	85
3916	97	84
3917	97	85
3918	97	85
3919	97	85
3920	97	85
3921	97	85
3922	97	85
3923	97	85
3924	97	85
3925	97	84
3926	97	84
3927	96	85
3928	97	85
3929	96	84
3930	96	84
3931	96	85
3932	96	84
3933	96	84
3934	96	85
3935	96	84
3936	96	84
3937	96	84
3938	96	84
3939	96	85
3940	96	84
3941	95	85
3942	95	84
3943	95	84
3944	95	85
3945	95	84
3946	95	84
3947	94	84
3948	94	84
3949	95	85
3950	94	84
3951	94	84
3952	94	84
3953	94	84
3954	94	84
3955	94	84
3956	94	84
3957	94	84
3958	94	84
3959	94	83
3960	94	84
3961	94	84
3962	94	84
3963	93	84
3964	93	84
3965	93	84
3966	93	84
3967	94	84
3968	93	85
3969	93	84
3970	93	84
3971	93	84
3972	92	84
3973	93	84
3974	93	84
3975	92	84
3976	93	84
3977	92	83
3978	92	84
3979	92	85
3980	92	84
3981	92	84
3982	92	84
3983	92	84
3984	92	84
3985	92	84
3986	92	85
3987	92	83
3988	92	84
3989	92	84
3990	92	84
3991	92	84
3992	92	84
3993	91	84
3994	92	83
3995	92	84
3996	91	84
3997	92	84
3998	92	85
3999	92	84
4000	91	84
4001	92	84
4002	91	85
4003	91	85
4004	91	85
4005	91	85
4006	91	85
4007	91	85
4008	91	85
4009	91	85
4010	91	85
4011	91	84
4012	91	84
4013	91	85
4014	91	84
4015	91	84
4016	90	84
4017	91	85
4018	91	84
4019	90	85
4020	90	85
4021	90	85
4022	90	85
4023	90	85
4024	90	85
4025	90	85
4026	91	85
4027	90	85
4028	90	85
4029	90	85
4030	90	85
4031	90	85
4032	90	85
4033	91	86
4034	90	86
4035	90	85
4036	89	86
4037	90	86
4038	90	86
4039	90	85
4040	90	86
4041	89	86
4042	90	86
4043	90	86
4044	89	86
4045	89	86
4046	89	86
4047	89	86
4048	90	87
4049	90	87
4050	89	87
4051	89	87
4052	89	87
4053	89	87
4054	89	87
4055	89	87
4056	89	87
4057	89	87
4058	89	87
4059	89	87
4060	89	88
4061	89	88
4062	89	88
4063	89	89
4064	89	89
4065	89	89
4066	89	89
4067	89	89
4068	89	90
4069	89	90
4070	89	90
4071	89	90
4072	89	91
4073	89	91
4074	89	91
4075	89	91
4076	90	91
4077	89	91
4078	89	92
4079	89	92
4080	89	92
4081	90	93
4082	89	93
4083	90	94
4084	89	94
4085	90	94
4086	89	95
4087	90	94
4088	90	95
4089	90	95
4090	90	96
4091	89	96
4092	90	96
4093	90	97
4094	90	97
4095	90	97
