  Hz	 Vrms	dBV	deg
1000.0	0.025	-31.996
1100.0	0.031	-30.299
1200.0	0.037	-28.710
1300.0	0.044	-27.176
1400.0	0.051	-25.826
1500.0	0.060	-24.484
1600.0	0.069	-23.252
1700.0	0.079	-22.037
1800.0	0.091	-20.816
1900.0	0.104	-19.671
2000.0	0.118	-18.543
2100.0	0.135	-17.425
2200.0	0.156	-16.152
2300.0	0.176	-15.110
2400.0	0.198	-14.066
2500.0	0.224	-12.999
2600.0	0.253	-11.922
2700.0	0.285	-10.899
2800.0	0.323	-9.824
2900.0	0.364	-8.783
3000.0	0.410	-7.747
3100.0	0.454	-6.877
3200.0	0.506	-5.932
3300.0	0.562	-5.031
3400.0	0.619	-4.186
3500.0	0.669	-3.518
3600.0	0.714	-2.941
3700.0	0.753	-2.479
3800.0	0.776	-2.218
3900.0	0.788	-2.086
4000.0	0.787	-2.097
4100.0	0.780	-2.179
4200.0	0.766	-2.337
4300.0	0.745	-2.583
4400.0	0.723	-2.833
4500.0	0.703	-3.086
4600.0	0.682	-3.343
4700.0	0.659	-3.640
4800.0	0.640	-3.902
4900.0	0.621	-4.160
5000.0	0.606	-4.370
5100.0	0.588	-4.630
5200.0	0.573	-4.865
5300.0	0.554	-5.146
5400.0	0.545	-5.289
5500.0	0.534	-5.474
5600.0	0.519	-5.718
5700.0	0.515	-5.782
5800.0	0.504	-5.967
5900.0	0.495	-6.128
6000.0	0.483	-6.335
6100.0	0.479	-6.410
6200.0	0.473	-6.516
6300.0	0.467	-6.629
6400.0	0.460	-6.770
6500.0	0.457	-6.827
6600.0	0.451	-6.928
6700.0	0.444	-7.072
6800.0	0.442	-7.112
6900.0	0.436	-7.235
7000.0	0.432	-7.317
7100.0	0.426	-7.441
7200.0	0.422	-7.523
7300.0	0.420	-7.548
7400.0	0.418	-7.599
7500.0	0.415	-7.662
7600.0	0.411	-7.747
7700.0	0.408	-7.800
7800.0	0.404	-7.890
7900.0	0.402	-7.932
8000.0	0.398	-8.026
8100.0	0.394	-8.108
8200.0	0.395	-8.095
8300.0	0.392	-8.163
8400.0	0.388	-8.239
8500.0	0.388	-8.238
8600.0	0.386	-8.291
8700.0	0.386	-8.296
8800.0	0.383	-8.357
8900.0	0.382	-8.380
9000.0	0.377	-8.484
9100.0	0.377	-8.497
9200.0	0.377	-8.491
9300.0	0.375	-8.547
9400.0	0.374	-8.567
9500.0	0.373	-8.581
9600.0	0.373	-8.587
9700.0	0.370	-8.665
9800.0	0.369	-8.677
9900.0	0.369	-8.684
10000.0	0.369	-8.688
  Hz	 Vrms	dBV	deg
1000.0	0.336	-9.504
1100.0	0.341	-9.371
1200.0	0.347	-9.203
1300.0	0.352	-9.087
1400.0	0.360	-8.906
1500.0	0.368	-8.712
1600.0	0.375	-8.535
1700.0	0.383	-8.357
1800.0	0.394	-8.104
1900.0	0.405	-7.868
2000.0	0.417	-7.609
2100.0	0.435	-7.245
2200.0	0.447	-7.014
2300.0	0.465	-6.678
2400.0	0.481	-6.380
2500.0	0.503	-5.992
2600.0	0.524	-5.626
2700.0	0.550	-5.217
2800.0	0.577	-4.790
2900.0	0.606	-4.376
3000.0	0.636	-3.956
3100.0	0.664	-3.576
3200.0	0.698	-3.147
3300.0	0.726	-2.797
3400.0	0.754	-2.475
3500.0	0.774	-2.248
3600.0	0.781	-2.168
3700.0	0.779	-2.195
3800.0	0.763	-2.370
3900.0	0.739	-2.652
4000.0	0.701	-3.103
4100.0	0.662	-3.610
4200.0	0.623	-4.136
4300.0	0.580	-4.752
4400.0	0.539	-5.382
4500.0	0.499	-6.050
4600.0	0.464	-6.690
4700.0	0.433	-7.296
4800.0	0.401	-7.968
4900.0	0.373	-8.576
5000.0	0.349	-9.168
5100.0	0.325	-9.779
5200.0	0.305	-10.347
5300.0	0.287	-10.869
5400.0	0.272	-11.339
5500.0	0.254	-11.920
5600.0	0.242	-12.341
5700.0	0.229	-12.808
5800.0	0.215	-13.385
5900.0	0.204	-13.843
6000.0	0.198	-14.056
6100.0	0.188	-14.515
6200.0	0.180	-14.887
6300.0	0.171	-15.364
6400.0	0.164	-15.697
6500.0	0.157	-16.066
6600.0	0.151	-16.439
6700.0	0.145	-16.800
6800.0	0.139	-17.154
6900.0	0.134	-17.434
7000.0	0.128	-17.845
7100.0	0.124	-18.123
7200.0	0.120	-18.447
7300.0	0.115	-18.798
7400.0	0.111	-19.078
7500.0	0.108	-19.331
7600.0	0.104	-19.670
7700.0	0.100	-19.981
7800.0	0.097	-20.298
7900.0	0.094	-20.536
8000.0	0.091	-20.830
8100.0	0.088	-21.108
8200.0	0.085	-21.367
8300.0	0.083	-21.593
8400.0	0.080	-21.884
8500.0	0.078	-22.152
8600.0	0.076	-22.379
8700.0	0.074	-22.606
8800.0	0.072	-22.825
8900.0	0.070	-23.100
9000.0	0.068	-23.326
9100.0	0.067	-23.507
9200.0	0.065	-23.752
9300.0	0.063	-23.950
9400.0	0.062	-24.199
9500.0	0.060	-24.421
9600.0	0.058	-24.730
9700.0	0.056	-24.986
9800.0	0.055	-25.148
9900.0	0.054	-25.420
10000.0	0.053	-25.579
  Hz	 Vrms	dBV	deg
1000.0	0.023	-32.879
1100.0	0.025	-31.889
1200.0	0.028	-31.004
1300.0	0.031	-30.204
1400.0	0.034	-29.341
1500.0	0.037	-28.589
1600.0	0.040	-27.859
1700.0	0.044	-27.093
1800.0	0.048	-26.404
1900.0	0.052	-25.708
2000.0	0.056	-24.975
2100.0	0.061	-24.304
2200.0	0.066	-23.667
2300.0	0.071	-22.939
2400.0	0.077	-22.264
2500.0	0.084	-21.542
2600.0	0.091	-20.831
2700.0	0.099	-20.076
2800.0	0.107	-19.404
2900.0	0.117	-18.648
3000.0	0.127	-17.952
3100.0	0.138	-17.218
3200.0	0.149	-16.517
3300.0	0.163	-15.752
3400.0	0.174	-15.195
3500.0	0.184	-14.714
3600.0	0.191	-14.357
3700.0	0.196	-14.156
3800.0	0.198	-14.055
3900.0	0.196	-14.142
4000.0	0.192	-14.322
4100.0	0.185	-14.673
4200.0	0.177	-15.024
4300.0	0.169	-15.439
4400.0	0.161	-15.888
4500.0	0.153	-16.331
4600.0	0.144	-16.808
4700.0	0.137	-17.242
4800.0	0.130	-17.736
4900.0	0.123	-18.176
5000.0	0.117	-18.628
5100.0	0.113	-18.966
5200.0	0.107	-19.381
5300.0	0.104	-19.686
5400.0	0.099	-20.097
5500.0	0.094	-20.493
5600.0	0.091	-20.797
5700.0	0.088	-21.064
5800.0	0.084	-21.481
5900.0	0.081	-21.820
6000.0	0.079	-22.069
6100.0	0.076	-22.391
6200.0	0.074	-22.621
6300.0	0.071	-22.922
6400.0	0.070	-23.159
6500.0	0.067	-23.455
6600.0	0.066	-23.637
6700.0	0.064	-23.866
6800.0	0.062	-24.129
6900.0	0.061	-24.269
7000.0	0.058	-24.668
7100.0	0.057	-24.898
7200.0	0.055	-25.115
7300.0	0.054	-25.282
7400.0	0.053	-25.488
7500.0	0.052	-25.664
7600.0	0.051	-25.822
7700.0	0.050	-25.972
7800.0	0.049	-26.168
7900.0	0.048	-26.350
8000.0	0.047	-26.494
8100.0	0.046	-26.723
8200.0	0.046	-26.800
8300.0	0.045	-26.946
8400.0	0.044	-27.150
8500.0	0.043	-27.235
8600.0	0.043	-27.380
8700.0	0.042	-27.528
8800.0	0.041	-27.675
8900.0	0.041	-27.816
9000.0	0.040	-28.000
9100.0	0.039	-28.124
9200.0	0.039	-28.251
9300.0	0.038	-28.302
9400.0	0.038	-28.465
9500.0	0.037	-28.621
9600.0	0.036	-28.755
9700.0	0.036	-28.850
9800.0	0.036	-28.981
9900.0	0.035	-29.132
10000.0	0.035	-29.226
