
TIME STEP:
125 = 0.2ms

VOLTAGE STEP:
CH1:  32 = 1V~
CH2:  32 = 1V
GND	141	141
N	CH1	CH2

0	137	93
1	136	93
2	137	93
3	137	93
4	136	93
5	136	93
6	136	94
7	136	93
8	136	93
9	135	93
10	136	93
11	136	94
12	135	93
13	135	93
14	135	94
15	135	94
16	134	94
17	134	93
18	133	93
19	133	93
20	133	93
21	133	93
22	132	93
23	132	93
24	132	94
25	131	94
26	131	93
27	131	94
28	131	93
29	131	93
30	130	93
31	130	93
32	129	94
33	128	92
34	128	94
35	128	93
36	128	93
37	128	93
38	127	93
39	127	93
40	127	93
41	127	93
42	126	93
43	126	94
44	125	94
45	126	93
46	125	93
47	125	93
48	124	93
49	124	93
50	124	93
51	124	94
52	123	93
53	123	93
54	123	93
55	123	93
56	122	93
57	122	93
58	121	93
59	121	94
60	121	93
61	121	93
62	121	94
63	121	94
64	121	93
65	121	93
66	120	94
67	120	93
68	120	93
69	120	93
70	120	93
71	120	93
72	120	93
73	120	94
74	120	93
75	120	94
76	120	93
77	120	93
78	120	93
79	120	94
80	120	93
81	120	93
82	120	93
83	120	93
84	120	93
85	120	93
86	120	94
87	120	94
88	120	93
89	120	94
90	121	93
91	121	93
92	121	94
93	121	93
94	121	94
95	121	94
96	122	93
97	122	93
98	122	94
99	122	93
100	122	94
101	123	93
102	123	93
103	123	93
104	123	93
105	123	93
106	123	93
107	123	94
108	124	93
109	124	93
110	124	93
111	124	93
112	125	93
113	125	93
114	125	94
115	125	93
116	126	94
117	126	94
118	127	94
119	127	93
120	127	94
121	127	93
122	127	94
123	127	93
124	128	93
125	128	93
126	128	93
127	129	93
128	129	94
129	129	93
130	129	94
131	129	94
132	130	93
133	130	93
134	130	93
135	130	94
136	131	94
137	131	93
138	131	93
139	131	94
140	131	94
141	131	93
142	131	93
143	131	93
144	131	93
145	132	94
146	132	93
147	132	93
148	132	94
149	132	94
150	132	93
151	133	94
152	133	94
153	132	93
154	133	93
155	132	93
156	133	94
157	133	93
158	133	93
159	133	94
160	133	93
161	133	94
162	133	93
163	133	94
164	133	94
165	133	93
166	133	93
167	133	94
168	133	93
169	133	93
170	133	92
171	133	93
172	132	93
173	132	94
174	132	93
175	132	93
176	133	94
177	132	94
178	132	93
179	132	94
180	132	93
181	132	93
182	132	93
183	131	93
184	131	93
185	131	94
186	131	93
187	131	93
188	131	94
189	131	94
190	131	93
191	130	93
192	130	93
193	130	94
194	130	93
195	129	93
196	129	93
197	129	94
198	129	94
199	129	93
200	129	94
201	128	93
202	128	93
203	128	93
204	128	93
205	128	93
206	128	93
207	127	93
208	127	93
209	127	93
210	127	93
211	127	93
212	127	93
213	127	94
214	126	93
215	126	93
216	126	93
217	126	93
218	125	93
219	125	93
220	124	93
221	125	94
222	125	93
223	125	93
224	124	94
225	125	93
226	124	93
227	124	93
228	124	94
229	124	94
230	124	93
231	124	93
232	123	93
233	124	93
234	124	93
235	123	93
236	123	93
237	123	93
238	123	93
239	123	93
240	123	93
241	123	93
242	123	93
243	123	93
244	123	94
245	123	93
246	123	93
247	123	93
248	123	93
249	123	93
250	123	93
251	123	93
252	123	93
253	123	93
254	123	93
255	123	93
256	123	94
257	123	93
258	124	94
259	123	94
260	123	93
261	124	93
262	123	93
263	123	94
264	123	93
265	124	94
266	124	93
267	124	94
268	124	94
269	124	93
270	124	93
271	125	94
272	124	93
273	124	93
274	125	93
275	125	93
276	125	93
277	126	93
278	125	94
279	126	93
280	126	94
281	126	93
282	127	93
283	126	93
284	126	94
285	127	93
286	127	93
287	127	93
288	127	93
289	127	94
290	127	93
291	127	93
292	127	93
293	128	93
294	127	93
295	128	94
296	128	94
297	128	94
298	128	93
299	128	93
300	129	94
301	129	94
302	129	93
303	129	94
304	129	93
305	129	94
306	129	93
307	129	92
308	129	93
309	130	94
310	129	94
311	130	94
312	129	93
313	131	94
314	130	93
315	130	93
316	130	93
317	130	94
318	130	94
319	131	94
320	131	94
321	131	93
322	131	94
323	131	93
324	131	93
325	131	94
326	131	93
327	131	93
328	131	93
329	131	94
330	131	93
331	131	93
332	131	93
333	131	93
334	131	94
335	131	93
336	131	93
337	131	94
338	131	93
339	131	94
340	130	93
341	131	93
342	131	93
343	130	93
344	131	93
345	130	94
346	130	93
347	130	93
348	130	93
349	130	93
350	130	93
351	129	94
352	130	93
353	130	93
354	129	93
355	129	94
356	129	94
357	129	94
358	130	94
359	129	93
360	129	94
361	129	94
362	128	93
363	129	93
364	128	94
365	128	93
366	128	93
367	128	93
368	128	93
369	128	93
370	128	94
371	128	94
372	128	93
373	127	93
374	128	93
375	127	94
376	127	93
377	127	93
378	127	94
379	127	93
380	127	94
381	127	93
382	127	94
383	127	93
384	127	93
385	127	93
386	126	93
387	126	94
388	126	93
389	126	93
390	126	93
391	126	94
392	126	93
393	126	93
394	126	93
395	126	93
396	125	93
397	125	93
398	125	93
399	125	93
400	125	94
401	125	94
402	126	94
403	125	93
404	125	93
405	125	93
406	124	93
407	125	93
408	125	94
409	124	93
410	124	93
411	125	94
412	125	93
413	125	93
414	125	94
415	125	93
416	124	94
417	125	93
418	125	93
419	125	93
420	125	93
421	125	93
422	124	93
423	125	93
424	125	93
425	125	94
426	125	93
427	124	94
428	125	93
429	125	93
430	125	93
431	125	93
432	125	94
433	125	94
434	126	93
435	125	94
436	125	94
437	126	93
438	125	94
439	125	93
440	126	93
441	126	93
442	126	93
443	126	94
444	126	92
445	126	93
446	127	93
447	126	94
448	126	93
449	126	93
450	127	93
451	127	93
452	127	93
453	127	94
454	127	94
455	127	94
456	127	94
457	127	94
458	127	93
459	127	93
460	127	93
461	127	93
462	128	94
463	128	94
464	128	93
465	128	93
466	128	94
467	128	93
468	128	94
469	128	93
470	128	93
471	128	94
472	128	93
473	128	93
474	128	94
475	128	93
476	129	93
477	129	93
478	128	94
479	129	94
480	129	93
481	129	93
482	129	94
483	129	93
484	129	93
485	129	94
486	129	94
487	129	94
488	129	94
489	129	94
490	129	93
491	130	93
492	129	93
493	129	94
494	129	94
495	129	93
496	129	93
497	130	94
498	129	94
499	129	93
500	129	94
501	129	94
502	129	94
503	129	94
504	129	93
505	129	93
506	129	94
507	129	94
508	129	94
509	129	93
510	129	93
511	129	94
512	129	94
513	129	93
514	128	93
515	129	94
516	129	93
517	129	93
518	129	93
519	129	93
520	128	94
521	129	93
522	128	93
523	129	94
524	129	94
525	128	93
526	129	93
527	129	94
528	128	93
529	128	93
530	128	93
531	128	93
532	128	93
533	128	93
534	128	94
535	128	94
536	128	94
537	128	93
538	128	93
539	128	94
540	128	93
541	128	93
542	127	93
543	128	94
544	127	93
545	127	94
546	127	94
547	127	93
548	127	94
549	127	93
550	127	94
551	127	93
552	127	93
553	127	93
554	127	93
555	127	93
556	127	93
557	127	93
558	127	93
559	127	93
560	127	93
561	127	94
562	126	93
563	126	94
564	126	93
565	126	94
566	126	93
567	127	94
568	126	94
569	126	93
570	126	93
571	126	94
572	126	93
573	126	93
574	126	93
575	126	94
576	126	93
577	126	93
578	126	94
579	126	93
580	126	93
581	126	93
582	127	93
583	126	93
584	126	93
585	126	93
586	126	93
587	126	94
588	126	94
589	126	94
590	126	94
591	126	93
592	126	93
593	126	94
594	126	93
595	126	93
596	126	94
597	126	94
598	126	93
599	126	93
600	126	93
601	126	94
602	126	94
603	126	94
604	126	93
605	126	94
606	127	93
607	127	94
608	127	94
609	126	93
610	126	93
611	127	94
612	127	93
613	127	93
614	127	94
615	127	94
616	127	94
617	127	94
618	127	93
619	127	94
620	127	93
621	127	94
622	127	94
623	127	94
624	127	93
625	127	93
626	127	93
627	127	93
628	128	94
629	127	94
630	127	94
631	127	94
632	127	93
633	127	94
634	128	94
635	128	94
636	128	93
637	127	93
638	128	94
639	128	93
640	127	93
641	128	93
642	128	93
643	128	94
644	128	93
645	128	93
646	128	93
647	128	94
648	128	94
649	128	93
650	128	93
651	128	93
652	128	93
653	128	93
654	128	93
655	128	93
656	128	93
657	128	94
658	128	93
659	128	93
660	128	93
661	128	94
662	128	93
663	128	93
664	128	94
665	128	94
666	128	93
667	129	94
668	128	94
669	129	93
670	129	93
671	128	94
672	128	94
673	128	93
674	128	93
675	129	94
676	129	94
677	129	94
678	128	93
679	129	94
680	128	93
681	128	93
682	129	94
683	128	93
684	129	93
685	128	94
686	128	93
687	128	94
688	128	93
689	128	94
690	128	93
691	128	94
692	128	94
693	128	94
694	127	93
695	128	94
696	128	94
697	128	94
698	128	93
699	128	94
700	128	94
701	128	93
702	128	93
703	128	93
704	128	94
705	127	93
706	128	94
707	128	93
708	127	94
709	127	94
710	128	94
711	127	93
712	127	94
713	127	94
714	127	94
715	127	93
716	127	93
717	127	93
718	127	93
719	127	93
720	127	93
721	127	93
722	127	94
723	127	93
724	127	94
725	127	93
726	127	93
727	127	93
728	127	93
729	127	93
730	127	94
731	127	94
732	127	94
733	127	93
734	127	94
735	126	93
736	127	94
737	127	94
738	127	93
739	127	94
740	127	93
741	127	93
742	127	94
743	127	94
744	127	94
745	127	94
746	126	93
747	127	93
748	127	94
749	126	93
750	126	94
751	127	94
752	127	94
753	127	94
754	127	93
755	126	94
756	127	93
757	127	93
758	127	94
759	127	93
760	127	94
761	127	93
762	127	94
763	127	94
764	126	93
765	126	93
766	127	94
767	127	94
768	127	93
769	127	93
770	127	93
771	127	93
772	127	94
773	126	94
774	127	93
775	127	93
776	126	94
777	127	93
778	127	93
779	127	93
780	127	94
781	127	93
782	127	93
783	127	93
784	127	94
785	127	94
786	127	93
787	127	93
788	127	94
789	127	93
790	127	93
791	127	94
792	127	94
793	127	94
794	127	93
795	127	94
796	127	94
797	127	93
798	127	93
799	128	93
800	127	94
801	127	94
802	127	93
803	128	93
804	127	93
805	128	94
806	127	93
807	128	93
808	128	93
809	128	94
810	127	93
811	127	93
812	128	94
813	128	94
814	128	93
815	128	93
816	128	93
817	128	94
818	128	94
819	128	93
820	128	93
821	128	94
822	128	93
823	128	94
824	128	93
825	128	94
826	128	93
827	128	94
828	128	93
829	128	93
830	128	93
831	128	93
832	128	94
833	128	93
834	128	94
835	128	93
836	128	94
837	128	94
838	128	94
839	128	94
840	128	93
841	128	94
842	128	93
843	128	94
844	128	93
845	128	93
846	128	93
847	128	93
848	128	94
849	128	94
850	128	93
851	128	94
852	128	94
853	128	94
854	128	94
855	127	93
856	128	93
857	128	94
858	127	93
859	128	94
860	128	94
861	128	94
862	128	93
863	128	94
864	128	94
865	128	94
866	127	93
867	128	94
868	128	93
869	128	94
870	128	94
871	128	94
872	127	94
873	128	94
874	127	93
875	128	93
876	128	93
877	128	93
878	127	94
879	127	93
880	127	93
881	127	94
882	127	94
883	127	94
884	127	93
885	127	94
886	127	93
887	127	93
888	127	93
889	128	93
890	127	94
891	127	93
892	127	94
893	127	94
894	127	93
895	127	94
896	127	94
897	127	93
898	127	93
899	127	93
900	127	94
901	127	93
902	127	94
903	127	94
904	127	93
905	127	94
906	127	93
907	127	93
908	127	94
909	127	94
910	127	94
911	127	94
912	127	93
913	127	94
914	127	94
915	127	93
916	127	93
917	127	93
918	127	94
919	127	93
920	127	94
921	127	94
922	127	93
923	127	94
924	127	94
925	127	93
926	127	94
927	127	94
928	127	93
929	127	93
930	127	93
931	127	94
932	127	93
933	127	93
934	127	93
935	127	93
936	127	93
937	127	93
938	127	93
939	127	93
940	127	93
941	127	94
942	127	93
943	127	93
944	127	94
945	127	94
946	127	93
947	127	94
948	127	93
949	127	94
950	127	94
951	127	94
952	127	93
953	127	94
954	127	93
955	127	94
956	127	94
957	127	94
958	127	93
959	127	93
960	127	93
961	127	93
962	127	93
963	127	94
964	127	93
965	127	94
966	127	94
967	127	93
968	127	94
969	127	93
970	127	93
971	127	93
972	127	93
973	127	93
974	128	94
975	127	93
976	128	93
977	127	93
978	127	93
979	128	93
980	127	93
981	128	93
982	127	93
983	127	94
984	127	93
985	127	93
986	128	94
987	128	93
988	128	93
989	127	94
990	127	93
991	128	93
992	127	92
993	127	93
994	128	93
995	128	94
996	127	94
997	128	94
998	128	94
999	128	93
1000	128	93
1001	128	93
1002	127	94
1003	128	93
1004	128	94
1005	128	93
1006	127	93
1007	128	94
1008	128	93
1009	128	94
1010	128	94
1011	128	94
1012	127	93
1013	128	93
1014	128	93
1015	127	94
1016	128	94
1017	128	94
1018	243	208
1019	241	207
1020	240	206
1021	239	206
1022	239	206
1023	237	206
1024	235	206
1025	235	206
1026	233	206
1027	231	206
1028	229	206
1029	227	206
1030	225	206
1031	223	206
1032	220	206
1033	218	206
1034	216	206
1035	213	205
1036	210	205
1037	207	205
1038	204	205
1039	201	205
1040	198	205
1041	195	205
1042	192	205
1043	189	205
1044	185	205
1045	182	205
1046	178	205
1047	175	205
1048	171	205
1049	168	205
1050	164	206
1051	161	205
1052	157	205
1053	153	205
1054	149	205
1055	146	205
1056	142	205
1057	139	205
1058	135	205
1059	131	205
1060	128	205
1061	124	205
1062	120	205
1063	117	204
1064	113	204
1065	109	206
1066	106	205
1067	103	205
1068	99	205
1069	97	205
1070	93	205
1071	90	205
1072	87	205
1073	84	205
1074	81	205
1075	78	205
1076	75	205
1077	73	205
1078	70	205
1079	68	205
1080	65	205
1081	63	205
1082	60	205
1083	59	205
1084	56	205
1085	55	205
1086	53	206
1087	52	206
1088	49	205
1089	48	206
1090	47	206
1091	46	206
1092	44	206
1093	44	206
1094	43	206
1095	42	205
1096	41	206
1097	41	206
1098	41	206
1099	40	206
1100	40	206
1101	41	206
1102	40	206
1103	40	206
1104	41	206
1105	42	206
1106	43	206
1107	43	206
1108	44	206
1109	45	206
1110	46	206
1111	47	207
1112	48	206
1113	50	206
1114	51	206
1115	53	207
1116	54	207
1117	56	206
1118	59	207
1119	60	206
1120	62	207
1121	64	206
1122	66	207
1123	69	207
1124	71	206
1125	73	207
1126	75	206
1127	78	206
1128	80	206
1129	83	206
1130	85	207
1131	88	207
1132	91	207
1133	93	207
1134	96	207
1135	99	207
1136	101	207
1137	105	206
1138	107	207
1139	110	207
1140	113	207
1141	116	207
1142	119	207
1143	121	207
1144	124	207
1145	127	207
1146	130	207
1147	133	207
1148	135	207
1149	138	207
1150	140	207
1151	143	207
1152	146	207
1153	148	207
1154	150	207
1155	153	207
1156	155	206
1157	157	207
1158	160	207
1159	162	207
1160	164	206
1161	166	206
1162	168	207
1163	171	206
1164	172	207
1165	174	206
1166	176	206
1167	177	206
1168	179	207
1169	181	207
1170	182	206
1171	183	207
1172	184	207
1173	186	206
1174	187	206
1175	187	206
1176	188	206
1177	189	206
1178	190	206
1179	190	206
1180	191	206
1181	191	206
1182	191	206
1183	192	206
1184	192	205
1185	192	206
1186	192	206
1187	192	206
1188	192	206
1189	192	206
1190	192	206
1191	191	206
1192	191	206
1193	190	206
1194	189	206
1195	188	205
1196	187	206
1197	187	206
1198	186	206
1199	184	206
1200	184	205
1201	182	206
1202	181	205
1203	179	206
1204	178	206
1205	176	206
1206	175	205
1207	173	205
1208	171	205
1209	170	206
1210	168	205
1211	166	205
1212	165	205
1213	163	205
1214	160	205
1215	159	205
1216	156	205
1217	155	205
1218	153	205
1219	151	205
1220	149	205
1221	147	205
1222	144	205
1223	142	205
1224	141	206
1225	139	205
1226	136	205
1227	134	205
1228	132	205
1229	130	205
1230	128	205
1231	126	205
1232	124	205
1233	122	205
1234	119	205
1235	117	205
1236	116	205
1237	113	205
1238	111	205
1239	110	205
1240	108	205
1241	106	205
1242	104	205
1243	102	205
1244	101	205
1245	99	205
1246	97	205
1247	96	205
1248	95	205
1249	94	205
1250	91	206
1251	91	205
1252	89	205
1253	88	205
1254	87	205
1255	86	205
1256	85	205
1257	84	205
1258	83	206
1259	83	205
1260	82	206
1261	81	206
1262	80	206
1263	80	206
1264	79	206
1265	79	206
1266	78	205
1267	79	206
1268	78	206
1269	78	206
1270	78	206
1271	78	206
1272	79	206
1273	79	206
1274	78	206
1275	79	206
1276	79	206
1277	80	206
1278	80	206
1279	80	206
1280	81	206
1281	82	206
1282	83	206
1283	84	206
1284	84	206
1285	85	206
1286	87	206
1287	87	206
1288	88	206
1289	89	206
1290	91	206
1291	92	206
1292	93	206
1293	94	206
1294	95	206
1295	97	206
1296	98	206
1297	99	206
1298	101	206
1299	102	207
1300	104	206
1301	106	206
1302	107	206
1303	108	206
1304	110	206
1305	112	206
1306	112	206
1307	115	206
1308	116	206
1309	118	206
1310	120	206
1311	121	207
1312	123	206
1313	124	206
1314	126	206
1315	127	206
1316	129	206
1317	131	206
1318	132	206
1319	134	206
1320	135	206
1321	137	206
1322	138	206
1323	140	206
1324	141	206
1325	142	207
1326	144	207
1327	145	206
1328	147	207
1329	147	207
1330	149	206
1331	151	206
1332	151	206
1333	152	206
1334	153	206
1335	155	206
1336	155	206
1337	156	206
1338	157	206
1339	158	206
1340	159	206
1341	159	206
1342	160	206
1343	161	206
1344	161	206
1345	162	206
1346	163	206
1347	163	206
1348	163	206
1349	163	206
1350	164	206
1351	164	206
1352	164	206
1353	164	206
1354	164	206
1355	165	206
1356	164	206
1357	164	206
1358	164	206
1359	164	206
1360	163	206
1361	164	206
1362	163	206
1363	163	206
1364	162	206
1365	162	206
1366	161	206
1367	161	206
1368	160	205
1369	159	206
1370	159	205
1371	158	206
1372	158	206
1373	157	206
1374	156	206
1375	155	205
1376	154	206
1377	153	206
1378	152	205
1379	151	206
1380	151	206
1381	149	205
1382	148	206
1383	147	205
1384	146	206
1385	145	206
1386	144	205
1387	143	206
1388	141	206
1389	140	205
1390	139	205
1391	138	206
1392	136	206
1393	136	205
1394	134	205
1395	133	205
1396	132	205
1397	131	206
1398	129	205
1399	128	205
1400	127	206
1401	126	205
1402	125	205
1403	123	204
1404	122	206
1405	121	206
1406	120	206
1407	119	206
1408	118	206
1409	117	206
1410	116	206
1411	114	205
1412	114	206
1413	112	206
1414	111	206
1415	111	206
1416	110	206
1417	109	206
1418	108	206
1419	107	205
1420	107	205
1421	106	206
1422	105	206
1423	105	206
1424	103	206
1425	103	206
1426	103	205
1427	102	206
1428	102	206
1429	102	205
1430	101	206
1431	101	206
1432	100	206
1433	100	206
1434	99	206
1435	99	206
1436	99	206
1437	99	206
1438	99	206
1439	99	206
1440	99	206
1441	99	206
1442	99	206
1443	99	206
1444	100	206
1445	100	206
1446	100	206
1447	100	206
1448	100	206
1449	100	206
1450	101	206
1451	101	206
1452	102	206
1453	103	206
1454	103	206
1455	103	206
1456	104	206
1457	105	206
1458	106	206
1459	106	206
1460	107	206
1461	107	206
1462	108	206
1463	108	206
1464	110	206
1465	110	206
1466	111	206
1467	112	206
1468	112	206
1469	113	206
1470	115	206
1471	115	206
1472	116	206
1473	117	206
1474	118	206
1475	119	206
1476	120	206
1477	121	206
1478	122	206
1479	123	206
1480	123	206
1481	124	206
1482	125	206
1483	127	206
1484	127	206
1485	128	206
1486	129	206
1487	130	206
1488	131	206
1489	131	206
1490	132	206
1491	133	206
1492	135	206
1493	135	206
1494	136	206
1495	136	206
1496	137	206
1497	138	206
1498	139	207
1499	139	206
1500	140	206
1501	141	206
1502	141	206
1503	143	206
1504	143	206
1505	143	206
1506	144	206
1507	144	206
1508	144	206
1509	145	206
1510	146	206
1511	146	206
1512	147	206
1513	147	206
1514	148	206
1515	148	206
1516	148	206
1517	148	206
1518	148	206
1519	148	206
1520	148	206
1521	149	206
1522	149	206
1523	149	206
1524	149	206
1525	149	206
1526	149	206
1527	149	206
1528	149	206
1529	149	206
1530	148	206
1531	148	206
1532	148	206
1533	148	206
1534	148	206
1535	147	205
1536	147	206
1537	146	206
1538	146	205
1539	145	206
1540	145	205
1541	144	206
1542	144	206
1543	144	206
1544	143	206
1545	143	206
1546	142	206
1547	141	205
1548	141	205
1549	140	206
1550	140	206
1551	139	206
1552	139	206
1553	138	205
1554	138	205
1555	136	206
1556	136	206
1557	135	206
1558	135	206
1559	134	205
1560	134	206
1561	132	205
1562	132	205
1563	131	206
1564	131	206
1565	130	205
1566	129	205
1567	128	206
1568	127	206
1569	127	205
1570	127	206
1571	126	205
1572	125	206
1573	124	206
1574	124	205
1575	123	205
1576	123	206
1577	122	206
1578	122	206
1579	121	206
1580	120	205
1581	119	206
1582	119	206
1583	119	205
1584	118	206
1585	117	206
1586	117	206
1587	116	206
1588	116	206
1589	115	206
1590	115	206
1591	115	205
1592	114	206
1593	114	206
1594	113	206
1595	113	206
1596	112	206
1597	113	206
1598	113	206
1599	112	206
1600	111	206
1601	112	206
1602	111	206
1603	111	206
1604	111	206
1605	111	206
1606	111	206
1607	111	206
1608	111	205
1609	111	206
1610	111	206
1611	111	206
1612	111	206
1613	111	205
1614	111	206
1615	112	205
1616	112	206
1617	112	206
1618	112	206
1619	112	206
1620	113	206
1621	112	206
1622	113	206
1623	113	206
1624	114	206
1625	114	206
1626	114	206
1627	115	206
1628	115	206
1629	115	206
1630	116	206
1631	116	206
1632	117	206
1633	117	206
1634	117	206
1635	119	207
1636	119	206
1637	119	206
1638	119	206
1639	120	206
1640	120	206
1641	121	206
1642	122	206
1643	122	206
1644	123	206
1645	123	206
1646	124	206
1647	124	206
1648	124	206
1649	125	206
1650	126	206
1651	127	206
1652	127	206
1653	127	206
1654	127	206
1655	128	206
1656	128	206
1657	129	205
1658	130	206
1659	131	207
1660	131	206
1661	132	206
1662	132	206
1663	132	206
1664	133	206
1665	133	206
1666	134	206
1667	134	206
1668	134	206
1669	135	206
1670	135	206
1671	136	207
1672	136	206
1673	136	206
1674	137	206
1675	137	206
1676	138	206
1677	137	205
1678	138	206
1679	138	206
1680	138	206
1681	138	206
1682	139	206
1683	139	206
1684	139	206
1685	139	206
1686	139	206
1687	139	206
1688	140	206
1689	140	206
1690	139	206
1691	139	206
1692	139	206
1693	139	206
1694	139	206
1695	140	206
1696	140	206
1697	139	206
1698	139	206
1699	139	206
1700	139	206
1701	139	206
1702	139	206
1703	139	206
1704	139	206
1705	138	206
1706	138	206
1707	139	206
1708	138	206
1709	138	206
1710	137	206
1711	137	205
1712	137	206
1713	137	206
1714	136	206
1715	136	206
1716	136	206
1717	135	206
1718	135	206
1719	135	206
1720	134	206
1721	134	206
1722	134	206
1723	134	206
1724	132	206
1725	132	206
1726	132	206
1727	132	206
1728	131	205
1729	131	206
1730	130	206
1731	130	206
1732	130	206
1733	129	205
1734	129	206
1735	128	206
1736	128	206
1737	127	206
1738	127	206
1739	127	206
1740	127	206
1741	126	206
1742	126	206
1743	125	205
1744	125	206
1745	124	205
1746	124	206
1747	124	206
1748	124	206
1749	123	206
1750	123	206
1751	123	206
1752	122	205
1753	122	206
1754	121	206
1755	121	206
1756	121	205
1757	121	206
1758	120	206
1759	120	206
1760	120	206
1761	120	205
1762	120	206
1763	119	206
1764	119	206
1765	119	206
1766	119	206
1767	119	206
1768	119	206
1769	119	205
1770	119	206
1771	118	206
1772	119	206
1773	118	206
1774	119	206
1775	118	206
1776	118	206
1777	119	206
1778	118	206
1779	118	206
1780	118	205
1781	118	206
1782	118	206
1783	118	206
1784	119	206
1785	119	206
1786	119	206
1787	119	206
1788	119	206
1789	119	206
1790	119	206
1791	119	206
1792	119	206
1793	120	206
1794	119	206
1795	120	206
1796	121	206
1797	120	206
1798	121	206
1799	121	206
1800	121	206
1801	121	206
1802	121	206
1803	122	205
1804	122	206
1805	122	206
1806	123	206
1807	123	206
1808	123	206
1809	123	206
1810	124	206
1811	124	206
1812	124	206
1813	124	206
1814	124	205
1815	125	206
1816	125	206
1817	126	206
1818	126	206
1819	126	206
1820	127	206
1821	127	206
1822	127	206
1823	127	206
1824	128	206
1825	128	206
1826	128	206
1827	129	206
1828	129	206
1829	130	206
1830	129	206
1831	130	206
1832	131	206
1833	131	206
1834	131	205
1835	131	206
1836	131	206
1837	132	206
1838	131	206
1839	131	206
1840	132	206
1841	132	206
1842	133	206
1843	132	206
1844	133	206
1845	133	206
1846	133	206
1847	133	206
1848	134	206
1849	133	206
1850	134	206
1851	134	206
1852	134	206
1853	134	206
1854	134	206
1855	134	206
1856	134	206
1857	134	206
1858	135	206
1859	135	206
1860	134	206
1861	134	206
1862	135	206
1863	135	206
1864	135	206
1865	134	206
1866	135	206
1867	134	206
1868	134	206
1869	134	205
1870	134	206
1871	135	206
1872	134	206
1873	133	206
1874	134	206
1875	133	206
1876	133	206
1877	133	206
1878	133	206
1879	133	206
1880	133	206
1881	132	206
1882	133	206
1883	133	206
1884	132	206
1885	132	206
1886	132	206
1887	131	206
1888	132	205
1889	131	206
1890	131	206
1891	131	206
1892	131	206
1893	131	205
1894	131	206
1895	130	206
1896	130	206
1897	129	206
1898	129	206
1899	129	206
1900	128	206
1901	128	206
1902	128	206
1903	128	206
1904	128	205
1905	128	206
1906	127	206
1907	127	206
1908	127	206
1909	127	206
1910	126	206
1911	126	206
1912	126	206
1913	126	205
1914	125	206
1915	125	206
1916	125	206
1917	125	205
1918	125	206
1919	124	206
1920	125	206
1921	124	206
1922	124	206
1923	124	206
1924	124	206
1925	124	206
1926	123	206
1927	123	206
1928	123	206
1929	123	206
1930	123	206
1931	123	206
1932	123	206
1933	123	206
1934	123	206
1935	123	206
1936	123	206
1937	123	206
1938	122	206
1939	122	205
1940	123	206
1941	122	206
1942	122	206
1943	122	206
1944	122	206
1945	122	206
1946	122	206
1947	122	206
1948	123	206
1949	123	206
1950	122	205
1951	122	205
1952	122	206
1953	122	206
1954	123	206
1955	122	206
1956	123	206
1957	123	206
1958	123	206
1959	123	206
1960	123	205
1961	123	206
1962	123	206
1963	123	206
1964	123	205
1965	123	206
1966	123	206
1967	124	206
1968	124	206
1969	124	207
1970	124	206
1971	124	206
1972	124	206
1973	124	206
1974	125	206
1975	125	206
1976	125	206
1977	125	206
1978	125	206
1979	125	206
1980	126	206
1981	126	206
1982	126	206
1983	126	206
1984	126	206
1985	127	206
1986	127	206
1987	127	206
1988	127	206
1989	127	206
1990	127	206
1991	127	206
1992	127	206
1993	128	206
1994	128	206
1995	128	206
1996	128	206
1997	128	206
1998	128	206
1999	129	206
2000	129	206
2001	129	206
2002	129	206
2003	129	206
2004	130	206
2005	130	206
2006	130	206
2007	130	205
2008	130	206
2009	130	206
2010	130	206
2011	130	206
2012	130	206
2013	131	206
2014	131	206
2015	131	205
2016	131	205
2017	131	206
2018	131	205
2019	131	206
2020	131	206
2021	131	206
2022	131	206
2023	131	206
2024	131	206
2025	131	206
2026	132	206
2027	131	206
2028	131	206
2029	131	206
2030	132	206
2031	131	206
2032	131	205
2033	131	205
2034	132	206
2035	131	205
2036	131	205
2037	131	206
2038	131	206
2039	131	206
2040	131	206
2041	132	206
2042	131	206
2043	131	206
2044	131	206
2045	131	206
2046	131	206
2047	131	206
2048	131	206
2049	130	206
2050	130	206
2051	130	206
2052	130	206
2053	130	206
2054	130	206
2055	129	206
2056	130	206
2057	130	206
2058	129	206
2059	129	206
2060	129	206
2061	129	206
2062	129	206
2063	129	206
2064	129	206
2065	129	206
2066	128	205
2067	128	206
2068	129	206
2069	128	205
2070	128	206
2071	128	206
2072	128	206
2073	128	206
2074	127	206
2075	127	206
2076	127	206
2077	127	206
2078	127	206
2079	127	206
2080	127	206
2081	127	206
2082	127	206
2083	127	206
2084	126	206
2085	126	206
2086	126	206
2087	126	206
2088	126	205
2089	126	206
2090	126	206
2091	125	205
2092	125	206
2093	126	206
2094	125	206
2095	125	206
2096	125	206
2097	125	206
2098	125	205
2099	125	206
2100	125	206
2101	125	206
2102	124	206
2103	125	206
2104	125	206
2105	124	206
2106	125	206
2107	124	206
2108	124	206
2109	124	206
2110	124	206
2111	124	206
2112	124	206
2113	124	205
2114	124	206
2115	124	206
2116	124	206
2117	124	206
2118	125	206
2119	125	206
2120	125	206
2121	124	206
2122	124	206
2123	125	206
2124	125	206
2125	124	206
2126	125	206
2127	124	205
2128	125	206
2129	125	206
2130	125	207
2131	125	206
2132	125	205
2133	125	206
2134	125	206
2135	125	205
2136	125	206
2137	125	206
2138	125	206
2139	125	206
2140	125	206
2141	126	206
2142	126	206
2143	126	206
2144	126	206
2145	126	206
2146	126	206
2147	127	206
2148	126	206
2149	126	206
2150	126	206
2151	127	206
2152	127	206
2153	127	206
2154	127	206
2155	127	206
2156	127	206
2157	127	206
2158	127	206
2159	127	206
2160	127	206
2161	128	206
2162	127	206
2163	128	206
2164	127	206
2165	128	206
2166	128	206
2167	128	206
2168	128	206
2169	128	206
2170	128	206
2171	128	206
2172	128	206
2173	128	206
2174	129	206
2175	129	206
2176	129	206
2177	129	206
2178	129	206
2179	129	206
2180	129	206
2181	129	206
2182	129	206
2183	130	206
2184	129	206
2185	129	206
2186	129	206
2187	129	206
2188	129	206
2189	130	206
2190	129	206
2191	130	206
2192	129	206
2193	130	206
2194	130	206
2195	130	206
2196	130	206
2197	129	206
2198	130	206
2199	130	205
2200	130	205
2201	129	206
2202	130	206
2203	129	206
2204	130	206
2205	129	206
2206	129	206
2207	129	206
2208	129	206
2209	129	205
2210	130	206
2211	130	206
2212	129	205
2213	130	206
2214	129	206
2215	129	205
2216	129	206
2217	129	205
2218	129	206
2219	129	206
2220	129	206
2221	129	206
2222	129	206
2223	128	206
2224	128	206
2225	128	205
2226	128	206
2227	128	206
2228	128	206
2229	129	206
2230	128	206
2231	128	206
2232	128	206
2233	128	206
2234	128	206
2235	128	206
2236	128	206
2237	128	206
2238	128	206
2239	128	205
2240	128	205
2241	128	205
2242	127	206
2243	128	206
2244	127	206
2245	127	206
2246	127	206
2247	127	206
2248	127	206
2249	127	206
2250	127	206
2251	127	206
2252	127	206
2253	127	205
2254	127	206
2255	127	206
2256	127	206
2257	126	206
2258	127	206
2259	127	206
2260	126	206
2261	126	206
2262	127	206
2263	127	206
2264	126	206
2265	126	206
2266	126	206
2267	126	206
2268	126	206
2269	126	206
2270	126	206
2271	126	206
2272	126	206
2273	126	206
2274	126	206
2275	125	206
2276	125	206
2277	125	206
2278	126	206
2279	126	206
2280	125	205
2281	126	206
2282	126	205
2283	126	206
2284	126	206
2285	126	206
2286	126	206
2287	125	206
2288	126	206
2289	126	206
2290	126	206
2291	126	206
2292	126	206
2293	126	206
2294	126	206
2295	125	206
2296	126	206
2297	126	206
2298	126	206
2299	126	206
2300	126	206
2301	126	206
2302	126	206
2303	126	205
2304	126	206
2305	127	206
2306	126	206
2307	126	206
2308	127	206
2309	127	206
2310	126	206
2311	127	206
2312	127	205
2313	127	206
2314	127	206
2315	127	206
2316	127	206
2317	127	206
2318	127	206
2319	127	206
2320	127	207
2321	127	206
2322	127	205
2323	127	206
2324	127	206
2325	127	206
2326	127	206
2327	127	206
2328	127	205
2329	127	206
2330	127	206
2331	127	206
2332	128	206
2333	127	206
2334	128	206
2335	128	205
2336	127	206
2337	127	206
2338	127	206
2339	128	206
2340	128	206
2341	128	206
2342	128	206
2343	128	206
2344	128	206
2345	128	206
2346	128	206
2347	128	206
2348	128	206
2349	128	205
2350	128	206
2351	128	206
2352	128	206
2353	128	206
2354	129	206
2355	128	206
2356	128	206
2357	129	206
2358	129	206
2359	128	206
2360	129	206
2361	128	206
2362	128	205
2363	128	206
2364	129	206
2365	128	206
2366	128	206
2367	128	206
2368	129	206
2369	128	206
2370	129	206
2371	128	205
2372	128	206
2373	129	206
2374	129	206
2375	129	206
2376	128	206
2377	128	206
2378	128	206
2379	129	206
2380	129	206
2381	128	206
2382	128	206
2383	129	206
2384	128	206
2385	128	206
2386	128	205
2387	128	206
2388	128	206
2389	128	206
2390	128	206
2391	128	206
2392	128	206
2393	128	206
2394	128	206
2395	128	206
2396	128	206
2397	128	206
2398	128	206
2399	128	206
2400	128	206
2401	128	206
2402	127	206
2403	127	206
2404	128	206
2405	128	206
2406	128	206
2407	127	206
2408	127	206
2409	127	206
2410	127	205
2411	127	206
2412	127	205
2413	127	206
2414	127	206
2415	127	206
2416	127	206
2417	127	206
2418	127	206
2419	127	206
2420	127	206
2421	127	206
2422	127	206
2423	127	205
2424	127	206
2425	127	206
2426	127	206
2427	127	206
2428	127	206
2429	127	206
2430	127	206
2431	127	206
2432	127	206
2433	126	206
2434	127	206
2435	126	206
2436	126	206
2437	126	206
2438	127	206
2439	126	206
2440	126	206
2441	127	206
2442	126	206
2443	126	206
2444	127	206
2445	127	206
2446	126	205
2447	127	206
2448	126	206
2449	127	206
2450	127	206
2451	127	206
2452	126	206
2453	127	206
2454	126	206
2455	126	206
2456	127	206
2457	127	206
2458	126	205
2459	127	206
2460	126	206
2461	127	206
2462	126	206
2463	127	205
2464	127	206
2465	127	206
2466	127	205
2467	127	206
2468	127	206
2469	127	206
2470	126	206
2471	126	205
2472	127	206
2473	127	206
2474	127	206
2475	127	206
2476	127	206
2477	127	206
2478	127	206
2479	127	206
2480	127	206
2481	127	206
2482	127	206
2483	127	206
2484	127	206
2485	127	206
2486	127	206
2487	127	206
2488	127	206
2489	127	206
2490	127	205
2491	127	206
2492	127	206
2493	127	206
2494	127	206
2495	127	206
2496	127	206
2497	127	206
2498	127	206
2499	127	205
2500	128	206
2501	127	206
2502	127	206
2503	127	205
2504	128	206
2505	127	206
2506	127	206
2507	128	206
2508	128	206
2509	128	205
2510	128	206
2511	128	206
2512	128	205
2513	128	206
2514	128	206
2515	128	206
2516	128	206
2517	128	206
2518	128	206
2519	128	206
2520	128	206
2521	128	206
2522	128	206
2523	128	206
2524	128	206
2525	128	206
2526	128	206
2527	128	206
2528	128	206
2529	128	206
2530	128	206
2531	128	206
2532	128	206
2533	128	206
2534	128	206
2535	128	205
2536	128	206
2537	128	206
2538	128	206
2539	128	206
2540	128	206
2541	128	206
2542	128	206
2543	128	206
2544	128	206
2545	128	206
2546	128	206
2547	128	206
2548	128	206
2549	128	206
2550	128	206
2551	128	206
2552	128	206
2553	128	206
2554	128	205
2555	128	206
2556	128	206
2557	128	206
2558	128	206
2559	128	206
2560	128	206
2561	127	206
2562	127	206
2563	127	206
2564	127	206
2565	128	206
2566	127	206
2567	128	206
2568	128	206
2569	128	205
2570	128	206
2571	127	206
2572	127	205
2573	127	206
2574	127	206
2575	127	206
2576	127	206
2577	127	206
2578	127	206
2579	127	206
2580	127	206
2581	127	206
2582	127	206
2583	127	205
2584	127	206
2585	127	206
2586	127	206
2587	127	206
2588	127	206
2589	127	206
2590	127	206
2591	127	206
2592	127	206
2593	127	206
2594	127	207
2595	127	206
2596	127	206
2597	127	206
2598	127	206
2599	127	206
2600	127	206
2601	127	206
2602	127	206
2603	127	206
2604	127	206
2605	127	206
2606	127	206
2607	127	205
2608	127	205
2609	127	206
2610	127	206
2611	127	206
2612	127	206
2613	126	206
2614	127	206
2615	127	206
2616	127	206
2617	127	206
2618	127	206
2619	127	206
2620	127	205
2621	127	206
2622	127	206
2623	127	205
2624	126	206
2625	127	205
2626	127	206
2627	127	206
2628	127	206
2629	127	206
2630	127	206
2631	127	205
2632	127	206
2633	127	206
2634	126	206
2635	127	206
2636	127	205
2637	127	206
2638	127	206
2639	127	206
2640	127	206
2641	127	206
2642	127	206
2643	127	205
2644	127	205
2645	127	206
2646	127	206
2647	127	205
2648	127	206
2649	127	205
2650	127	205
2651	127	206
2652	127	206
2653	127	206
2654	127	206
2655	127	206
2656	127	206
2657	127	206
2658	127	206
2659	127	206
2660	127	205
2661	127	205
2662	127	206
2663	127	205
2664	127	206
2665	127	206
2666	128	206
2667	127	206
2668	127	205
2669	127	206
2670	127	206
2671	128	206
2672	127	206
2673	127	205
2674	127	205
2675	128	206
2676	128	206
2677	127	206
2678	128	206
2679	127	206
2680	128	206
2681	127	205
2682	128	206
2683	128	205
2684	128	206
2685	127	206
2686	128	206
2687	128	206
2688	128	205
2689	128	206
2690	128	206
2691	127	206
2692	128	206
2693	127	206
2694	128	205
2695	128	205
2696	128	206
2697	127	206
2698	127	206
2699	127	205
2700	128	206
2701	127	206
2702	128	206
2703	128	206
2704	128	206
2705	128	206
2706	128	205
2707	127	206
2708	128	206
2709	127	205
2710	128	205
2711	128	206
2712	127	205
2713	128	206
2714	128	206
2715	127	206
2716	128	206
2717	127	205
2718	128	206
2719	128	205
2720	127	206
2721	128	205
2722	128	206
2723	128	206
2724	128	206
2725	128	206
2726	128	206
2727	128	206
2728	128	206
2729	127	206
2730	128	205
2731	128	206
2732	127	206
2733	128	206
2734	128	205
2735	127	206
2736	127	206
2737	128	206
2738	127	206
2739	128	206
2740	127	205
2741	127	205
2742	127	206
2743	127	206
2744	127	205
2745	127	205
2746	128	205
2747	128	206
2748	128	206
2749	127	206
2750	128	205
2751	127	206
2752	127	206
2753	128	206
2754	127	206
2755	127	206
2756	127	206
2757	128	206
2758	127	206
2759	127	205
2760	127	205
2761	127	206
2762	127	205
2763	127	206
2764	127	206
2765	127	206
2766	127	206
2767	127	206
2768	127	206
2769	127	206
2770	127	206
2771	127	206
2772	127	205
2773	127	205
2774	127	206
2775	127	205
2776	127	206
2777	127	206
2778	127	206
2779	127	206
2780	127	206
2781	127	206
2782	127	206
2783	127	206
2784	127	206
2785	127	206
2786	127	206
2787	127	206
2788	127	206
2789	127	206
2790	127	206
2791	127	206
2792	127	206
2793	127	206
2794	127	206
2795	127	206
2796	127	206
2797	127	205
2798	127	205
2799	127	206
2800	127	206
2801	127	205
2802	127	206
2803	119	195
2804	13	92
2805	14	92
2806	15	92
2807	16	93
2808	17	93
2809	19	93
2810	20	93
2811	21	93
2812	23	93
2813	24	93
2814	26	93
2815	29	93
2816	30	93
2817	32	93
2818	35	93
2819	37	93
2820	39	93
2821	43	93
2822	45	93
2823	48	93
2824	51	93
2825	54	93
2826	57	93
2827	60	94
2828	63	94
2829	67	94
2830	70	94
2831	74	94
2832	76	93
2833	80	94
2834	84	94
2835	88	94
2836	91	94
2837	95	94
2838	98	94
2839	102	94
2840	106	94
2841	109	94
2842	113	93
2843	116	94
2844	121	94
2845	124	94
2846	127	94
2847	131	94
2848	135	94
2849	138	94
2850	142	93
2851	145	93
2852	149	94
2853	152	94
2854	156	94
2855	159	93
2856	162	93
2857	165	94
2858	168	93
2859	171	93
2860	174	94
2861	177	93
2862	180	94
2863	183	94
2864	185	94
2865	188	94
2866	190	94
2867	193	93
2868	195	94
2869	196	94
2870	199	93
2871	200	94
2872	203	93
2873	204	93
2874	205	94
2875	207	93
2876	208	93
2877	209	93
2878	211	94
2879	211	93
2880	212	93
2881	213	93
2882	214	93
2883	214	93
2884	214	93
2885	215	93
2886	215	93
2887	214	93
2888	215	93
2889	214	93
2890	214	93
2891	213	93
2892	213	93
2893	212	93
2894	211	93
2895	210	92
2896	209	93
2897	208	93
2898	207	92
2899	205	93
2900	204	93
2901	202	93
2902	201	92
2903	199	93
2904	197	93
2905	195	92
2906	193	92
2907	191	92
2908	189	92
2909	186	93
2910	184	92
2911	182	93
2912	180	92
2913	177	92
2914	175	92
2915	172	93
2916	170	92
2917	167	92
2918	164	92
2919	162	92
2920	159	92
2921	156	93
2922	153	93
2923	150	93
2924	147	92
2925	145	92
2926	142	93
2927	140	92
2928	137	93
2929	134	93
2930	131	93
2931	128	93
2932	126	92
2933	123	92
2934	120	92
2935	117	92
2936	115	93
2937	112	92
2938	109	92
2939	107	92
2940	104	93
2941	102	93
2942	99	93
2943	97	92
2944	95	92
2945	93	93
2946	90	92
2947	88	93
2948	86	92
2949	84	92
2950	83	93
2951	80	93
2952	78	93
2953	76	92
2954	75	93
2955	74	93
2956	72	93
2957	71	93
2958	70	93
2959	69	93
2960	68	93
2961	66	93
2962	66	93
2963	65	93
2964	64	93
2965	64	93
2966	63	93
2967	62	93
2968	62	93
2969	62	93
2970	62	93
2971	62	93
2972	61	93
2973	61	93
2974	62	94
2975	63	93
2976	63	93
2977	63	93
2978	63	94
2979	64	93
2980	65	94
2981	65	93
2982	66	93
2983	67	93
2984	68	94
2985	69	94
2986	70	94
2987	72	94
2988	73	93
2989	74	94
2990	76	94
2991	77	93
2992	79	94
2993	80	94
2994	82	94
2995	84	94
2996	86	94
2997	88	94
2998	89	94
2999	91	94
3000	94	94
3001	95	94
3002	97	94
3003	99	94
3004	101	93
3005	103	94
3006	105	94
3007	107	94
3008	110	94
3009	111	94
3010	114	94
3011	116	94
3012	118	93
3013	120	94
3014	122	94
3015	124	94
3016	127	94
3017	129	94
3018	131	94
3019	132	94
3020	135	94
3021	137	94
3022	139	94
3023	141	93
3024	143	94
3025	145	93
3026	147	94
3027	149	94
3028	151	94
3029	152	94
3030	154	93
3031	155	94
3032	157	94
3033	159	94
3034	160	94
3035	162	94
3036	163	93
3037	164	93
3038	166	94
3039	167	94
3040	168	94
3041	169	94
3042	171	94
3043	171	94
3044	172	94
3045	173	94
3046	174	94
3047	175	93
3048	175	93
3049	176	94
3050	176	93
3051	176	94
3052	177	93
3053	177	94
3054	178	93
3055	177	93
3056	178	94
3057	178	93
3058	178	93
3059	177	93
3060	177	93
3061	177	93
3062	176	93
3063	176	93
3064	175	93
3065	175	94
3066	174	93
3067	174	93
3068	173	93
3069	172	93
3070	171	93
3071	171	94
3072	170	93
3073	168	93
3074	167	93
3075	167	93
3076	165	93
3077	164	94
3078	163	93
3079	162	93
3080	161	93
3081	159	93
3082	158	93
3083	156	93
3084	155	93
3085	153	93
3086	152	93
3087	151	93
3088	149	93
3089	147	93
3090	145	93
3091	144	93
3092	142	92
3093	141	93
3094	139	93
3095	137	93
3096	136	93
3097	135	93
3098	133	93
3099	131	93
3100	129	93
3101	128	93
3102	126	93
3103	124	93
3104	123	93
3105	121	93
3106	120	93
3107	119	93
3108	117	93
3109	115	93
3110	114	93
3111	112	93
3112	111	93
3113	110	93
3114	108	93
3115	107	93
3116	106	93
3117	105	93
3118	103	93
3119	102	93
3120	101	93
3121	100	93
3122	99	94
3123	98	92
3124	97	93
3125	96	93
3126	95	93
3127	95	92
3128	94	93
3129	93	93
3130	93	93
3131	92	93
3132	92	93
3133	91	94
3134	91	93
3135	91	93
3136	90	93
3137	90	93
3138	89	94
3139	89	93
3140	90	93
3141	89	93
3142	90	94
3143	90	93
3144	90	93
3145	89	93
3146	90	93
3147	91	94
3148	91	93
3149	91	93
3150	92	93
3151	91	93
3152	92	93
3153	92	93
3154	93	93
3155	94	94
3156	94	93
3157	95	93
3158	96	93
3159	97	93
3160	98	93
3161	98	93
3162	99	93
3163	100	94
3164	101	93
3165	103	94
3166	104	94
3167	104	93
3168	105	93
3169	107	94
3170	108	94
3171	109	94
3172	110	94
3173	111	94
3174	112	94
3175	113	93
3176	115	93
3177	116	94
3178	118	94
3179	119	94
3180	120	94
3181	121	93
3182	123	94
3183	123	93
3184	124	93
3185	126	94
3186	127	94
3187	128	94
3188	129	93
3189	131	94
3190	132	94
3191	133	94
3192	135	94
3193	136	93
3194	137	93
3195	138	94
3196	139	94
3197	139	94
3198	141	94
3199	142	94
3200	143	94
3201	144	93
3202	145	94
3203	146	93
3204	147	93
3205	148	93
3206	148	94
3207	149	93
3208	150	94
3209	151	93
3210	151	94
3211	152	93
3212	152	94
3213	153	93
3214	153	94
3215	154	94
3216	155	94
3217	155	93
3218	155	93
3219	155	94
3220	155	93
3221	156	93
3222	156	93
3223	156	94
3224	156	93
3225	156	94
3226	157	93
3227	156	94
3228	156	93
3229	156	93
3230	156	93
3231	156	93
3232	156	93
3233	155	93
3234	155	93
3235	155	93
3236	155	93
3237	155	93
3238	154	93
3239	154	93
3240	153	93
3241	152	93
3242	152	93
3243	151	93
3244	151	93
3245	150	93
3246	150	93
3247	149	93
3248	148	93
3249	147	93
3250	147	93
3251	145	93
3252	145	93
3253	144	93
3254	143	93
3255	142	93
3256	142	93
3257	140	93
3258	140	93
3259	138	93
3260	138	93
3261	136	92
3262	136	93
3263	135	93
3264	134	93
3265	133	93
3266	132	93
3267	131	93
3268	130	93
3269	129	93
3270	128	93
3271	127	93
3272	126	93
3273	125	93
3274	124	93
3275	123	93
3276	123	93
3277	121	93
3278	121	94
3279	120	94
3280	119	93
3281	118	93
3282	117	93
3283	116	93
3284	116	93
3285	115	93
3286	115	93
3287	114	93
3288	113	93
3289	112	93
3290	112	93
3291	111	93
3292	110	93
3293	110	93
3294	109	93
3295	109	93
3296	108	93
3297	108	93
3298	107	93
3299	107	94
3300	107	93
3301	107	93
3302	106	93
3303	106	94
3304	105	93
3305	105	93
3306	105	93
3307	105	93
3308	105	93
3309	105	93
3310	105	93
3311	105	93
3312	105	94
3313	105	93
3314	105	93
3315	105	94
3316	106	94
3317	106	93
3318	105	93
3319	106	93
3320	106	94
3321	106	93
3322	107	94
3323	107	93
3324	107	93
3325	107	94
3326	108	93
3327	109	94
3328	109	93
3329	110	93
3330	110	94
3331	111	93
3332	111	94
3333	112	94
3334	112	93
3335	113	94
3336	113	93
3337	114	93
3338	115	93
3339	116	94
3340	116	93
3341	117	93
3342	118	93
3343	118	93
3344	119	94
3345	120	94
3346	120	93
3347	121	93
3348	122	93
3349	123	93
3350	123	94
3351	124	94
3352	125	94
3353	126	94
3354	126	93
3355	127	93
3356	127	93
3357	128	94
3358	129	93
3359	130	93
3360	130	93
3361	131	94
3362	132	93
3363	133	94
3364	133	94
3365	134	93
3366	135	93
3367	135	93
3368	136	93
3369	136	94
3370	137	93
3371	137	93
3372	138	93
3373	138	94
3374	139	94
3375	140	94
3376	140	93
3377	141	93
3378	140	93
3379	141	94
3380	141	93
3381	142	94
3382	142	93
3383	143	93
3384	143	94
3385	143	93
3386	143	94
3387	144	93
3388	144	93
3389	144	93
3390	144	93
3391	144	93
3392	144	93
3393	144	93
3394	144	93
3395	145	94
3396	144	94
3397	144	93
3398	144	93
3399	144	93
3400	144	93
3401	144	93
3402	143	93
3403	144	94
3404	143	93
3405	143	93
3406	143	93
3407	143	93
3408	143	93
3409	142	93
3410	142	93
3411	141	93
3412	141	93
3413	141	93
3414	140	93
3415	140	93
3416	140	94
3417	139	93
3418	139	93
3419	139	93
3420	138	93
3421	137	94
3422	137	93
3423	137	93
3424	136	93
3425	136	93
3426	135	93
3427	135	93
3428	135	94
3429	134	93
3430	133	93
3431	132	93
3432	132	94
3433	131	93
3434	131	93
3435	130	94
3436	129	93
3437	129	93
3438	128	93
3439	128	93
3440	127	93
3441	127	93
3442	126	93
3443	126	93
3444	125	93
3445	124	93
3446	124	94
3447	124	93
3448	123	93
3449	123	93
3450	122	93
3451	121	93
3452	122	94
3453	121	93
3454	120	93
3455	120	93
3456	120	93
3457	119	93
3458	119	92
3459	119	93
3460	118	93
3461	117	93
3462	117	93
3463	117	93
3464	117	93
3465	117	94
3466	116	94
3467	116	94
3468	116	93
3469	116	92
3470	116	93
3471	115	93
3472	115	94
3473	115	94
3474	115	93
3475	115	93
3476	114	94
3477	114	93
3478	114	94
3479	114	93
3480	114	93
3481	114	93
3482	114	94
3483	114	93
3484	115	93
3485	114	93
3486	115	93
3487	115	94
3488	115	94
3489	115	93
3490	115	93
3491	116	94
3492	115	93
3493	116	94
3494	116	93
3495	116	93
3496	116	93
3497	117	93
3498	117	94
3499	118	93
3500	118	94
3501	118	94
3502	119	94
3503	119	93
3504	119	93
3505	119	94
3506	120	93
3507	120	94
3508	120	93
3509	121	93
3510	121	94
3511	122	93
3512	123	94
3513	123	93
3514	123	93
3515	123	93
3516	124	93
3517	124	94
3518	125	94
3519	125	93
3520	125	93
3521	126	93
3522	127	93
3523	127	94
3524	127	93
3525	128	93
3526	128	94
3527	128	94
3528	129	93
3529	129	94
3530	130	94
3531	130	93
3532	130	93
3533	131	94
3534	131	94
3535	132	93
3536	132	93
3537	132	94
3538	132	94
3539	133	94
3540	133	93
3541	133	94
3542	134	93
3543	134	94
3544	134	94
3545	134	94
3546	135	94
3547	135	94
3548	135	94
3549	135	93
3550	135	93
3551	136	94
3552	136	93
3553	136	94
3554	136	93
3555	136	93
3556	136	93
3557	137	93
3558	137	94
3559	137	93
3560	137	94
3561	137	94
3562	137	93
3563	137	93
3564	137	94
3565	138	93
3566	137	93
3567	137	93
3568	137	94
3569	137	93
3570	137	93
3571	137	93
3572	137	94
3573	137	93
3574	137	93
3575	136	93
3576	136	94
3577	136	94
3578	136	94
3579	136	94
3580	136	93
3581	136	93
3582	135	93
3583	135	93
3584	135	93
3585	135	93
3586	135	94
3587	134	94
3588	134	93
3589	134	94
3590	133	93
3591	133	93
3592	133	93
3593	133	94
3594	132	93
3595	131	92
3596	132	93
3597	131	93
3598	131	93
3599	131	94
3600	131	93
3601	130	94
3602	130	93
3603	129	93
3604	129	93
3605	129	93
3606	128	93
3607	128	94
3608	127	93
3609	127	93
3610	127	93
3611	127	93
3612	127	93
3613	127	93
3614	126	93
3615	125	93
3616	125	93
3617	125	93
3618	125	93
3619	124	93
3620	124	93
3621	124	93
3622	123	93
3623	123	93
3624	123	93
3625	123	94
3626	123	93
3627	123	94
3628	122	93
3629	122	93
3630	122	94
3631	122	93
3632	121	93
3633	121	94
3634	121	93
3635	121	93
3636	121	93
3637	121	94
3638	121	94
3639	120	93
3640	120	93
3641	120	94
3642	120	93
3643	120	93
3644	120	94
3645	120	93
3646	119	93
3647	120	93
3648	120	93
3649	120	93
3650	120	93
3651	120	93
3652	120	94
3653	120	93
3654	120	93
3655	120	93
3656	120	93
3657	120	94
3658	120	93
3659	121	94
3660	120	93
3661	120	93
3662	120	93
3663	121	93
3664	121	93
3665	121	94
3666	121	93
3667	122	94
3668	121	93
3669	122	93
3670	122	93
3671	122	93
3672	122	94
3673	122	93
3674	123	94
3675	123	93
3676	123	93
3677	123	93
3678	124	93
3679	124	93
3680	123	93
3681	124	93
3682	124	93
3683	124	94
3684	125	94
3685	125	93
3686	125	94
3687	126	93
3688	126	94
3689	126	93
3690	127	94
3691	127	93
3692	127	93
3693	127	93
3694	127	93
3695	128	94
3696	128	93
3697	128	93
3698	128	93
3699	128	94
3700	129	93
3701	129	93
3702	129	94
3703	129	94
3704	129	93
3705	130	94
3706	130	94
3707	130	94
3708	131	93
3709	131	93
3710	131	93
3711	131	93
3712	131	93
3713	131	94
3714	131	94
3715	132	93
3716	132	94
3717	132	93
3718	132	93
3719	132	93
3720	132	94
3721	133	93
3722	132	93
3723	132	93
3724	132	93
3725	132	93
3726	133	94
3727	133	93
3728	133	93
3729	133	93
3730	133	93
3731	133	93
3732	133	93
3733	133	93
3734	133	93
3735	133	93
3736	133	93
3737	133	93
3738	133	94
3739	133	93
3740	133	94
3741	133	93
3742	133	93
3743	133	93
3744	133	94
3745	133	93
3746	132	93
3747	132	93
3748	132	93
3749	132	93
3750	132	94
3751	132	94
3752	132	93
3753	131	94
3754	132	93
3755	132	93
3756	131	93
3757	131	93
3758	131	93
3759	131	93
3760	131	93
3761	131	93
3762	131	94
3763	131	93
3764	131	93
3765	130	93
3766	129	93
3767	129	93
3768	129	94
3769	129	94
3770	129	93
3771	129	94
3772	128	93
3773	128	93
3774	128	94
3775	128	94
3776	127	93
3777	127	93
3778	128	93
3779	127	93
3780	127	93
3781	127	94
3782	127	93
3783	127	93
3784	127	93
3785	126	93
3786	126	94
3787	126	93
3788	126	93
3789	126	93
3790	125	93
3791	125	93
3792	125	93
3793	125	93
3794	125	93
3795	124	93
3796	124	93
3797	124	93
3798	124	93
3799	124	93
3800	124	93
3801	124	94
3802	124	93
3803	124	93
3804	123	93
3805	123	93
3806	123	93
3807	123	93
3808	123	93
3809	123	93
3810	123	93
3811	123	94
3812	123	93
3813	123	94
3814	123	93
3815	123	93
3816	123	93
3817	123	93
3818	123	93
3819	123	93
3820	123	93
3821	123	93
3822	123	93
3823	123	93
3824	123	93
3825	123	94
3826	123	93
3827	123	93
3828	123	93
3829	123	93
3830	123	94
3831	123	93
3832	124	93
3833	124	93
3834	123	93
3835	123	94
3836	123	93
3837	124	93
3838	124	94
3839	124	93
3840	124	93
3841	124	93
3842	124	93
3843	124	93
3844	125	93
3845	125	93
3846	125	93
3847	125	93
3848	125	94
3849	125	93
3850	125	94
3851	125	94
3852	126	93
3853	126	94
3854	126	94
3855	126	93
3856	127	93
3857	127	94
3858	127	94
3859	127	93
3860	127	93
3861	128	94
3862	127	94
3863	127	94
3864	127	93
3865	128	94
3866	128	93
3867	128	94
3868	128	93
3869	128	93
3870	128	93
3871	129	94
3872	128	93
3873	129	93
3874	129	94
3875	129	94
3876	129	93
3877	129	93
3878	129	93
3879	130	93
3880	129	93
3881	129	94
3882	129	94
3883	130	93
3884	130	93
3885	130	93
3886	130	94
3887	130	93
3888	130	93
3889	131	93
3890	131	93
3891	130	93
3892	130	93
3893	131	93
3894	131	93
3895	130	94
3896	131	94
3897	130	93
3898	131	94
3899	131	94
3900	130	93
3901	131	93
3902	131	94
3903	131	93
3904	131	93
3905	131	94
3906	131	93
3907	130	94
3908	131	94
3909	131	94
3910	131	93
3911	131	94
3912	131	93
3913	131	94
3914	130	94
3915	131	93
3916	131	94
3917	130	93
3918	130	93
3919	130	93
3920	130	93
3921	130	94
3922	130	93
3923	130	94
3924	130	94
3925	130	94
3926	130	93
3927	130	94
3928	129	94
3929	129	94
3930	129	93
3931	129	93
3932	129	93
3933	129	93
3934	129	93
3935	129	93
3936	128	93
3937	129	93
3938	128	93
3939	128	94
3940	128	93
3941	128	93
3942	127	94
3943	128	94
3944	127	94
3945	128	93
3946	128	94
3947	127	93
3948	127	93
3949	127	93
3950	127	93
3951	127	93
3952	127	93
3953	127	93
3954	127	93
3955	127	93
3956	127	93
3957	127	93
3958	126	93
3959	126	93
3960	126	93
3961	126	93
3962	126	93
3963	126	94
3964	126	94
3965	125	93
3966	126	93
3967	126	93
3968	125	93
3969	126	93
3970	126	93
3971	125	93
3972	125	93
3973	125	93
3974	125	93
3975	125	93
3976	125	94
3977	125	94
3978	125	93
3979	125	94
3980	125	93
3981	125	93
3982	125	93
3983	125	93
3984	125	94
3985	125	94
3986	125	93
3987	124	93
3988	125	94
3989	125	93
3990	125	94
3991	125	93
3992	125	94
3993	125	93
3994	125	93
3995	125	94
3996	125	94
3997	125	93
3998	125	94
3999	125	93
4000	126	94
4001	125	93
4002	125	94
4003	125	93
4004	125	93
4005	125	93
4006	125	92
4007	125	94
4008	126	93
4009	125	94
4010	126	94
4011	126	93
4012	126	94
4013	126	94
4014	126	94
4015	126	93
4016	126	94
4017	126	93
4018	127	94
4019	127	93
4020	126	93
4021	127	93
4022	126	94
4023	126	93
4024	127	93
4025	127	94
4026	127	93
4027	127	93
4028	127	94
4029	127	93
4030	127	94
4031	127	93
4032	127	93
4033	127	93
4034	128	93
4035	127	93
4036	128	94
4037	128	94
4038	128	93
4039	128	94
4040	128	93
4041	128	93
4042	128	93
4043	128	94
4044	128	93
4045	128	93
4046	128	93
4047	128	94
4048	128	94
4049	129	93
4050	129	93
4051	129	93
4052	129	93
4053	129	93
4054	129	93
4055	129	93
4056	129	93
4057	129	93
4058	129	93
4059	129	94
4060	129	94
4061	129	93
4062	129	93
4063	129	93
4064	129	94
4065	129	93
4066	129	93
4067	129	94
4068	129	94
4069	130	93
4070	129	93
4071	129	93
4072	129	94
4073	129	93
4074	129	94
4075	129	93
4076	129	94
4077	129	94
4078	129	93
4079	129	93
4080	129	93
4081	129	93
4082	129	93
4083	129	94
4084	129	93
4085	130	94
4086	129	94
4087	129	93
4088	129	94
4089	129	94
4090	129	93
4091	129	93
4092	129	93
4093	129	94
4094	129	93
4095	129	93
