  Hz	 Vrms	dBV	deg
100.0	1.161	1.278
110.0	1.165	1.308
120.0	1.165	1.304
130.0	1.161	1.279
140.0	1.164	1.299
150.0	1.167	1.321
160.0	1.165	1.307
170.0	1.163	1.289
180.0	1.165	1.309
190.0	1.163	1.293
200.0	1.169	1.338
210.0	1.158	1.255
220.0	1.164	1.301
230.0	1.165	1.305
240.0	1.165	1.303
250.0	1.165	1.306
260.0	1.165	1.303
270.0	1.161	1.273
280.0	1.168	1.326
290.0	1.163	1.292
300.0	1.167	1.319
310.0	1.166	1.313
320.0	1.163	1.294
330.0	1.164	1.302
340.0	1.158	1.256
350.0	1.161	1.274
360.0	1.164	1.299
370.0	1.164	1.301
380.0	1.159	1.263
390.0	1.161	1.276
400.0	1.162	1.284
410.0	1.160	1.268
420.0	1.160	1.269
430.0	1.162	1.284
440.0	1.158	1.256
450.0	1.159	1.263
460.0	1.159	1.263
470.0	1.159	1.259
480.0	1.159	1.263
490.0	1.158	1.256
500.0	1.155	1.232
510.0	1.165	1.303
520.0	1.158	1.255
530.0	1.151	1.199
540.0	1.158	1.253
550.0	1.155	1.232
560.0	1.151	1.201
570.0	1.151	1.203
580.0	1.154	1.224
590.0	1.161	1.276
600.0	1.145	1.158
610.0	1.153	1.217
620.0	1.159	1.261
630.0	1.159	1.260
640.0	1.151	1.201
650.0	1.146	1.160
660.0	1.158	1.251
670.0	1.149	1.188
680.0	1.145	1.156
690.0	1.144	1.151
700.0	1.148	1.178
710.0	1.150	1.196
720.0	1.142	1.133
730.0	1.147	1.172
740.0	1.151	1.203
750.0	1.139	1.108
760.0	1.144	1.148
770.0	1.140	1.114
780.0	1.137	1.094
790.0	1.144	1.151
800.0	1.138	1.103
810.0	1.138	1.099
820.0	1.143	1.140
830.0	1.142	1.130
840.0	1.134	1.069
850.0	1.141	1.128
860.0	1.139	1.108
870.0	1.137	1.093
880.0	1.135	1.079
890.0	1.137	1.093
900.0	1.136	1.086
910.0	1.132	1.059
920.0	1.136	1.087
930.0	1.133	1.060
940.0	1.133	1.062
950.0	1.134	1.068
960.0	1.136	1.085
970.0	1.127	1.017
980.0	1.127	1.020
990.0	1.129	1.037
1000.0	1.123	0.989
1010.0	1.125	1.002
1110.0	1.112	0.898
1210.0	1.101	0.815
1310.0	1.093	0.750
1410.0	1.079	0.640
1510.0	1.063	0.507
1610.0	1.046	0.366
1710.0	1.025	0.192
1810.0	1.002	-0.004
1910.0	0.980	-0.196
2010.0	0.950	-0.463
2110.0	0.920	-0.745
2210.0	0.886	-1.072
2310.0	0.846	-1.471
2410.0	0.813	-1.822
2510.0	0.766	-2.333
2610.0	0.717	-2.911
2710.0	0.670	-3.499
2810.0	0.614	-4.259
2910.0	0.556	-5.127
3010.0	0.494	-6.143
3110.0	0.431	-7.326
3210.0	0.366	-8.739
3310.0	0.301	-10.442
3410.0	0.241	-12.383
3510.0	0.187	-14.577
3610.0	0.151	-16.438
3710.0	0.142	-16.962
3810.0	0.168	-15.489
3910.0	0.211	-13.547
4010.0	0.264	-11.598
4110.0	0.317	-9.993
4210.0	0.371	-8.638
4310.0	0.425	-7.462
4410.0	0.470	-6.572
4510.0	0.519	-5.721
4610.0	0.561	-5.035
4710.0	0.603	-4.412
4810.0	0.641	-3.887
4910.0	0.677	-3.409
5010.0	0.702	-3.088
5110.0	0.742	-2.614
5210.0	0.764	-2.355
5310.0	0.799	-1.974
5410.0	0.821	-1.730
5510.0	0.838	-1.561
5610.0	0.853	-1.405
5710.0	0.883	-1.104
5810.0	0.895	-0.979
5910.0	0.917	-0.777
6010.0	0.936	-0.593
6110.0	0.944	-0.518
6210.0	0.955	-0.416
6310.0	0.975	-0.239
6410.0	0.983	-0.168
6510.0	0.987	-0.138
6610.0	1.008	0.048
6710.0	1.014	0.104
6810.0	1.028	0.223
6910.0	1.037	0.298
7010.0	1.041	0.330
7110.0	1.055	0.442
7210.0	1.059	0.478
7310.0	1.065	0.525
7410.0	1.068	0.547
7510.0	1.070	0.564
7610.0	1.083	0.668
7710.0	1.085	0.690
7810.0	1.097	0.780
7910.0	1.095	0.770
8010.0	1.104	0.836
8110.0	1.103	0.830
8210.0	1.110	0.885
8310.0	1.117	0.942
8410.0	1.125	1.005
8510.0	1.126	1.007
8610.0	1.128	1.026
8710.0	1.129	1.034
8810.0	1.133	1.067
8910.0	1.133	1.064
9010.0	1.141	1.126
9110.0	1.144	1.144
9210.0	1.147	1.172
9310.0	1.153	1.215
9410.0	1.153	1.220
9510.0	1.153	1.218
9610.0	1.161	1.278
9710.0	1.158	1.252
9810.0	1.162	1.285
9910.0	1.168	1.325
10010	1.162	1.282
11010	1.182	1.429
12010	1.190	1.488
13010	1.203	1.587
14010	1.211	1.646
15010	1.214	1.664
16010	1.220	1.709
17010	1.228	1.760
18010	1.228	1.762
19010	1.228	1.766
20010	1.236	1.817
21010	1.236	1.818
22010	1.234	1.809
23010	1.239	1.842
24010	1.233	1.801
25010	1.244	1.876
26010	1.241	1.858
27010	1.240	1.851
28010	1.243	1.869
29010	1.244	1.877
30010	1.249	1.910
31010	1.249	1.909
32010	1.246	1.890
33010	1.247	1.895
34010	1.252	1.930
35010	1.249	1.912
36010	1.249	1.913
37010	1.253	1.940
38010	1.248	1.905
39010	1.249	1.908
40010	1.250	1.915
41010	1.249	1.912
42010	1.252	1.928
43010	1.252	1.930
44010	1.250	1.918
45010	1.252	1.935
46010	1.254	1.946
47010	1.255	1.955
48010	1.253	1.941
49010	1.251	1.927
50010	1.250	1.916
51010	1.259	1.979
52010	1.254	1.948
53010	1.258	1.973
54010	1.259	1.983
55010	1.254	1.947
56010	1.255	1.951
57010	1.260	1.985
58010	1.255	1.955
59010	1.258	1.973
60010	1.260	1.989
61010	1.256	1.959
62010	1.259	1.983
63010	1.259	1.981
64010	1.257	1.964
65010	1.262	1.997
66010	1.254	1.944
67010	1.258	1.973
68010	1.260	1.990
69010	1.255	1.950
70010	1.256	1.963
71010	1.262	1.999
72010	1.256	1.959
73010	1.256	1.963
74010	1.257	1.965
75010	1.260	1.988
76010	1.260	1.988
77010	1.262	2.001
78010	1.260	1.985
79010	1.258	1.974
80010	1.259	1.982
81010	1.259	1.978
82010	1.261	1.991
83010	1.256	1.958
84010	1.261	1.991
85010	1.257	1.969
86010	1.261	1.996
87010	1.259	1.981
88010	1.262	2.003
89010	1.257	1.967
90010	1.260	1.986
91010	1.258	1.971
92010	1.257	1.966
93010	1.260	1.990
94010	1.263	2.010
95010	1.260	1.985
96010	1.261	1.996
97010	1.262	2.004
98010	1.262	2.000
99010	1.262	2.001
100010	1.261	1.994
