Abscissa	Profile 1
x	y
[]	[]
0	11.680811
1	11.72866
2	11.743347
3	11.674935
4	11.727903
5	11.670469
6	11.626763
7	11.668308
8	11.74729
9	11.711079
10	11.643101
11	11.643223
12	11.666756
13	11.669733
14	11.690985
15	11.791576
16	11.803207
17	11.799841
18	11.870193
19	11.940296
20	11.929901
21	12.019582
22	12.066677
23	12.134489
24	12.317694
25	12.270081
26	12.206383
27	12.297233
28	12.412563
29	12.605736
30	12.550722
31	12.579199
32	12.73559
33	12.765389
34	12.679728
35	12.606159
36	12.662403
37	12.634035
38	12.593262
39	12.504061
40	12.503052
41	12.442944
42	12.379928
43	12.360877
44	12.324307
45	12.330013
46	12.407511
47	12.309735
48	12.168214
49	12.280726
50	12.433758
51	12.506604
52	12.37841
53	12.488308
54	12.736807
55	12.689098
56	12.770472
57	12.967819
58	13.057732
59	13.184916
60	13.233631
61	13.251053
62	13.415716
63	13.518061
64	13.587359
65	13.651218
66	13.584368
67	13.580331
68	13.690215
69	13.677117
70	13.51117
71	13.450735
72	13.442169
73	13.336587
74	13.082714
75	12.819104
76	12.706304
77	12.744275
78	12.680028
79	12.550255
80	12.474745
81	12.408128
82	12.469035
83	12.543292
84	12.546011
85	12.720867
86	12.883179
87	13.039005
88	13.350048
89	13.590635
90	13.868675
91	14.224161
92	14.603431
93	14.970692
94	15.290446
95	15.625997
96	15.720726
97	15.854449
98	16.198682
99	16.267025
100	16.218793
101	16.256926
102	16.277116
103	16.20218
104	15.938714
105	15.64247
106	15.45893
107	15.056853
108	14.62734
109	14.367158
110	14.208392
111	14.164502
112	14.194865
113	14.339665
114	14.709076
115	15.53738
116	16.672715
117	18.032789
118	19.819528
119	22.190666
120	25.136112
121	28.834706
122	33.103296
123	37.99352
124	43.716588
125	50.269651
126	57.870673
127	66.447539
128	75.618987
129	86.152603
130	97.933216
131	110.15899
132	123.19554
133	137.0942
134	152.37265
135	168.9047
136	185.61621
137	202.42052
138	221.32555
139	241.08302
140	259.81507
141	279.52606
142	299.35214
143	319.34723
144	339.96525
145	359.25242
146	378.0911
147	398.47026
148	416.945
149	434.62184
150	452.14475
151	469.36051
152	485.20534
153	498.27376
154	513.08298
155	525.36339
156	535.99386
157	547.84044
158	555.12686
159	560.02292
160	567.19085
161	573.84333
162	577.06379
163	578.43239
164	579.67585
165	578.4551
166	577.25039
167	576.25115
168	573.1138
169	568.26933
170	562.89999
171	557.26753
172	551.627
173	544.67812
174	536.92488
175	530.30444
176	523.42595
177	515.70257
178	505.17467
179	495.77499
180	489.59578
181	481.79103
182	473.07458
183	465.91738
184	457.50773
185	450.33012
186	443.86992
187	436.96582
188	431.11766
189	424.52885
190	419.51926
191	415.60486
192	411.88015
193	408.19368
194	404.33616
195	403.18345
196	402.23132
197	401.93595
198	402.8177
199	403.53349
200	404.93516
201	406.87215
202	409.0425
203	412.23405
204	416.19979
205	420.92604
206	425.65174
207	430.18989
208	437.32044
209	443.50452
210	448.86738
211	455.96577
212	462.30049
213	468.68772
214	476.00711
215	482.95397
216	490.10561
217	497.25325
218	504.11775
219	510.74036
220	516.19891
221	521.67356
222	527.32983
223	533.77615
224	539.96164
225	543.77603
226	547.32035
227	550.38234
228	552.60289
229	555.28599
230	557.98161
231	560.03137
232	561.18879
233	561.23918
234	560.48732
235	558.1128
236	555.64046
237	554.17238
238	553.06071
239	550.71181
240	547.60923
241	543.20959
242	538.27583
243	535.04658
244	530.62344
245	526.14409
246	522.72999
247	517.53625
248	511.94937
249	508.26312
250	504.38807
251	499.41641
252	496.64022
253	493.48367
254	488.03657
255	483.78539
256	482.1059
257	481.25886
258	478.05344
259	474.91336
260	473.31549
261	471.08643
262	470.60682
263	470.19238
264	468.71838
265	469.22605
266	469.9572
267	470.28716
268	471.5724
269	473.26631
270	475.25337
271	479.14007
272	480.56477
273	482.20588
274	486.66977
275	489.84992
276	493.48176
277	497.20871
278	500.49225
279	504.20533
280	508.42403
281	512.70433
282	517.48535
283	521.3743
284	523.71195
285	527.46571
286	532.24912
287	536.14239
288	539.69945
289	542.68629
290	544.46252
291	546.12136
292	547.48045
293	550.11749
294	551.70576
295	552.63165
296	552.41079
297	550.12488
298	549.81198
299	549.54403
300	547.47823
301	544.20777
302	542.36007
303	540.31808
304	536.04746
305	531.36572
306	526.17809
307	521.08614
308	515.73057
309	510.3842
310	505.07341
311	499.67183
312	493.81859
313	487.21496
314	481.10227
315	475.98418
316	470.75987
317	465.19833
318	459.34606
319	452.7893
320	448.68008
321	444.91396
322	438.68135
323	433.92846
324	431.22543
325	428.36948
326	425.9821
327	422.37526
328	420.00267
329	419.46677
330	418.22175
331	417.99249
332	418.69138
333	418.79179
334	420.1803
335	422.80927
336	424.19101
337	426.71438
338	431.10825
339	435.34478
340	439.69166
341	444.59984
342	450.2685
343	455.81441
344	461.65891
345	469.02542
346	475.821
347	482.64167
348	489.54709
349	496.77786
350	505.48964
351	513.28682
352	521.44557
353	528.60285
354	534.80256
355	541.59035
356	547.23187
357	550.89944
358	553.24049
359	556.08717
360	559.1905
361	560.498
362	562.56834
363	566.03899
364	567.39267
365	566.4697
366	564.31076
367	561.40829
368	557.46807
369	550.41498
370	542.05176
371	533.18502
372	521.17955
373	509.37608
374	496.39513
375	482.17373
376	468.35649
377	452.72378
378	435.41892
379	417.09217
380	399.36135
381	381.23054
382	362.34529
383	343.54252
384	323.92114
385	304.92793
386	285.23359
387	266.29057
388	248.11323
389	228.71488
390	210.48378
391	193.28925
392	176.84526
393	161.0434
394	145.10038
395	129.87726
396	116.26522
397	103.45268
398	91.40085
399	80.542515
400	70.643101
401	61.620422
402	53.337798
403	46.095004
404	39.774666
405	34.094097
406	29.361985
407	25.446921
408	22.013007
409	19.082095
410	16.777077
411	15.028375
412	13.856674
413	13.124619
414	12.459658
415	12.022194
416	11.850587
417	11.779817
418	11.862124
419	12.054061
420	12.200661
421	12.334713
422	12.579924
423	12.736075
424	12.848784
425	12.959784
426	13.062299
427	13.134326
428	13.027071
429	12.79718
430	12.702014
431	12.656402
432	12.362608
433	12.10189
434	11.999085
435	11.708705
436	11.388195
437	11.366751
438	11.333876
439	11.029606
440	10.920082
441	10.867849
442	10.782837
443	10.837188
444	10.819498
445	10.888937
446	10.869349
447	10.868234
448	11.0838
449	11.243891
450	11.254611
451	11.294719
452	11.345955
453	11.414578
454	11.563672
455	11.553879
456	11.492817
457	11.569775
458	11.590502
459	11.487958
460	11.381564
461	11.326693
462	11.266454
463	11.18274
464	11.058989
465	10.905234
466	10.724843
467	10.666321
468	10.544907
469	10.358407
470	10.416514
471	10.380899
472	10.313469
473	10.301811
474	10.219901
475	10.246616
476	10.31817
477	10.363745
478	10.422846
479	10.558056
480	10.694556
481	10.700175
482	10.841835
483	10.951221
484	10.997246
485	11.191763
486	11.310533
487	11.36083
488	11.383586
489	11.490418
490	11.555483
491	11.502878
492	11.511969
493	11.665389
494	11.67043
495	11.54907
496	11.571876
497	11.565184
498	11.495726
499	11.419574
500	11.435716
501	11.460493
502	11.376321
503	11.298185
504	11.330615
505	11.317177
506	11.236425
507	11.211695
508	11.205626
509	11.214093
510	11.304909
511	11.292328
512	11.294287
