Abscissa	Profile 1
x	y
[]	[]
0	12.023354
1	12.115575
2	12.199566
3	12.324185
4	12.328351
5	12.216422
6	12.02302
7	12.178418
8	12.222839
9	12.248051
10	12.323501
11	12.245832
12	12.182606
13	12.199955
14	12.055023
15	12.104199
16	12.269825
17	12.35658
18	12.344231
19	12.317841
20	12.303775
21	12.143417
22	12.065799
23	12.018117
24	12.339415
25	12.45465
26	12.520531
27	12.58488
28	12.368014
29	12.230689
30	12.14603
31	12.340358
32	12.547868
33	12.656157
34	12.792023
35	12.725701
36	12.404794
37	12.26685
38	12.15635
39	12.095261
40	11.939414
41	12.131845
42	12.290228
43	12.239512
44	12.308756
45	12.2505
46	12.163949
47	12.193746
48	12.34574
49	12.6672
50	12.852364
51	12.771148
52	12.913641
53	12.78571
54	12.773094
55	12.937997
56	13.32077
57	13.463
58	13.607715
59	13.808383
60	13.870257
61	13.872887
62	13.782376
63	13.930977
64	14.03729
65	14.241366
66	14.571425
67	14.691506
68	14.357789
69	14.215331
70	13.863069
71	13.720012
72	13.755663
73	13.981473
74	13.945356
75	13.734405
76	13.594651
77	13.264592
78	13.167132
79	13.474666
80	13.706701
81	14.011126
82	14.00614
83	14.154057
84	14.202898
85	14.423604
86	14.65667
87	15.237665
88	15.997947
89	16.900519
90	18.452227
91	19.953593
92	21.437911
93	23.668866
94	27.330475
95	31.951363
96	36.407705
97	41.540759
98	47.304785
99	52.617846
100	58.828159
101	66.659897
102	74.802073
103	81.630185
104	91.150165
105	104.40843
106	118.69247
107	135.55712
108	154.49406
109	172.68055
110	188.37565
111	207.66072
112	231.9956
113	257.63782
114	287.25319
115	324.13871
116	358.01016
117	388.90324
118	422.74107
119	456.78065
120	488.83914
121	523.58785
122	557.08177
123	583.4262
124	609.64233
125	634.93602
126	656.17827
127	676.7077
128	688.57986
129	687.34869
130	677.44782
131	664.91122
132	651.96322
133	628.67044
134	596.36017
135	558.71247
136	520.88032
137	485.41852
138	453.3566
139	422.93513
140	397.11816
141	380.06259
142	376.49586
143	384.02174
144	398.46149
145	419.83057
146	445.57034
147	474.62006
148	502.20488
149	528.09163
150	546.13838
151	561.04896
152	568.43208
153	561.65867
154	541.20117
155	516.52844
156	487.83986
157	450.5312
158	417.29049
159	394.60075
160	380.02789
161	374.25261
162	382.36507
163	404.1858
164	431.23673
165	460.46861
166	488.15919
167	509.3053
168	520.85126
169	520.60827
170	510.80602
171	490.57728
172	461.40498
173	430.93124
174	405.69447
175	389.74969
176	388.55328
177	400.35901
178	425.02732
179	456.54957
180	485.95085
181	512.33644
182	526.30432
183	525.03387
184	514.41744
185	495.29799
186	470.45164
187	445.39293
188	428.98816
189	427.23489
190	440.70495
191	468.02575
192	501.31376
193	531.28315
194	555.0793
195	563.04437
196	553.47821
197	532.84999
198	506.13554
199	479.48652
200	460.86857
201	459.13705
202	473.46833
203	503.90096
204	540.75096
205	568.55705
206	576.3185
207	571.93166
208	547.43121
209	509.31779
210	477.92246
211	460.85251
212	459.91823
213	471.78919
214	499.94932
215	528.75041
216	542.45938
217	541.28698
218	522.6919
219	486.69325
220	452.66368
221	434.59042
222	432.41653
223	444.41819
224	469.67788
225	490.67894
226	496.327
227	488.01449
228	466.40557
229	437.78074
230	416.414
231	409.90079
232	418.31153
233	436.91285
234	464.25963
235	481.1196
236	477.83742
237	464.86698
238	441.26436
239	413.41062
240	396.33683
241	400.8026
242	419.73937
243	444.53668
244	467.5615
245	473.72401
246	461.0379
247	441.33519
248	422.91703
249	412.80748
250	421.19169
251	442.79982
252	462.75237
253	470.30298
254	463.84955
255	443.76602
256	419.89418
257	407.58637
258	409.46638
259	421.1386
260	442.17526
261	456.14332
262	453.48303
263	437.99553
264	414.01454
265	395.06461
266	388.68263
267	398.6917
268	415.63356
269	426.09435
270	424.33929
271	405.67124
272	378.0226
273	360.11079
274	366.12704
275	380.99465
276	405.92953
277	424.42366
278	411.86694
279	382.63117
280	365.79014
281	364.09173
282	374.27669
283	394.83544
284	410.82926
285	407.0937
286	393.77686
287	380.15725
288	371.33211
289	381.91262
290	409.66741
291	430.98999
292	434.37495
293	433.40492
294	426.84346
295	418.66141
296	425.62128
297	441.41255
298	455.05725
299	465.27003
300	465.12613
301	448.69969
302	439.96264
303	449.13338
304	462.7238
305	472.01102
306	477.3314
307	476.37745
308	466.98666
309	463.02009
310	469.5543
311	473.55468
312	475.50636
313	476.71875
314	474.36559
315	465.75791
316	468.72682
317	480.88101
318	487.94472
319	493.92857
320	496.53494
321	491.87303
322	484.7575
323	485.3821
324	488.98159
325	491.94259
326	495.78169
327	492.52151
328	483.46153
329	481.56742
330	485.4456
331	488.33536
332	490.52316
333	489.63918
334	481.74437
335	474.88516
336	476.2916
337	479.48339
338	482.17398
339	487.89031
340	483.85131
341	475.82903
342	473.52214
343	473.8418
344	470.0508
345	469.54433
346	471.60355
347	467.83174
348	464.23485
349	464.99665
350	458.52261
351	446.83619
352	443.61873
353	440.04659
354	438.19393
355	462.11852
356	514.92061
357	588.95225
358	703.11627
359	848.52428
360	944.37689
361	970.02577
362	953.25722
363	846.20863
364	551.37309
365	227.02407
366	55.173684
367	111.33042
368	348.70469
369	585.93501
370	630.53885
371	456.76302
372	204.52607
373	69.771956
374	146.40456
375	328.95823
376	399.47951
377	278.25166
378	106.4383
379	52.149246
380	123.06996
381	182.5368
382	128.94428
383	39.460362
384	24.730941
385	46.673172
386	34.41795
387	30.946728
388	61.392199
389	58.613408
390	24.59623
391	30.547845
392	57.222113
393	44.793225
394	17.775893
395	16.44142
396	22.764649
397	17.431569
398	12.783656
399	14.526308
400	17.080856
401	17.962938
402	17.129406
403	16.205779
404	19.019257
405	22.199072
406	17.882662
407	15.369141
408	23.934575
409	26.616297
410	17.547308
411	15.43817
412	20.864814
413	18.416425
414	12.363015
415	13.527301
416	16.027905
417	13.812635
418	11.521122
419	12.156251
420	12.038638
421	11.805145
422	12.585263
423	12.858266
424	14.344629
425	16.647891
426	15.53256
427	15.000932
428	16.472395
429	14.992127
430	13.508472
431	14.43615
432	13.676906
433	12.501526
434	12.796336
435	12.293371
436	11.710569
437	11.4265
438	11.591313
439	12.311589
440	12.301464
441	12.873087
442	13.482253
443	12.84448
444	12.18487
445	11.702245
446	10.982683
447	11.137242
448	11.094298
449	10.810511
450	10.758269
451	10.723023
452	10.935614
453	11.323214
454	12.109488
455	12.837896
456	12.98965
457	13.216517
458	13.004392
459	12.165024
460	11.896419
461	11.617047
462	11.384442
463	11.570705
464	12.156967
465	12.702498
466	12.901867
467	12.790213
468	12.67597
469	12.257216
470	12.07593
471	11.814824
472	11.620039
473	11.38054
474	11.417202
